Keyframes
0
0
0
974447912
3
20
1.000000 1.000000 1.000000
0.000000 0.000000 0.000000
-0.187457 -3.442384 0.000000
1.000000 1.000000 1.000000
-0.000435 -0.006620 -0.999978 -1.000000 -0.000068 0.000435 -0.000071 0.999978 -0.006620
3
2.000000
2.000000
40
1.000000 1.000000 1.000000
0.000000 0.000000 0.000000
-0.187457 -3.442384 0.000000
1.000000 1.000000 1.000000
-0.000232 -0.006414 -0.999979 -0.921851 0.387538 -0.002272 0.387545 0.921831 -0.006003
3
2.000000
2.000000
60
1.000000 1.000000 1.000000
0.000000 0.000000 0.000000
-0.187457 -3.442384 0.000000
1.000000 1.000000 1.000000
-0.000689 -0.006878 -0.999976 -0.782381 0.622788 -0.003745 0.622799 0.782360 -0.005810
3
2.000000
2.000000
974448320
3
20
1.000000 1.000000 1.000000
0.000000 0.000000 0.000000
-0.187457 -3.442384 0.000000
1.000000 1.000000 1.000000
-0.555665 -0.707030 0.437430 0.614397 0.005267 0.788979 -0.560136 0.707164 0.431471
3
2.000000
2.000000
40
1.000000 1.000000 1.000000
0.000000 0.000000 0.000000
-0.187457 -3.442384 0.000000
1.000000 1.000000 1.000000
-0.818213 -0.228832 0.535977 0.579825 -0.226702 0.788363 -0.058615 0.947293 0.314960
3
2.000000
2.000000
60
1.000000 1.000000 1.000000
0.000000 0.000000 0.000000
-0.187457 -3.442384 0.000000
1.000000 1.000000 1.000000
-0.828294 0.088490 0.561375 0.495077 -0.374872 0.789565 0.277586 0.923725 0.263964
3
2.000000
2.000000
974448728
3
20
1.000000 1.000000 1.000000
0.000000 0.000000 0.000000
-0.994202 -2.423880 0.621433
1.000000 1.000000 1.000000
-0.555665 -0.707030 0.437430 0.614397 0.005267 0.788979 -0.560136 0.707164 0.431471
3
2.000000
2.000000
40
1.000000 1.000000 1.000000
0.000000 0.000000 0.000000
-0.270866 -2.094378 0.448191
1.000000 1.000000 1.000000
-0.818213 -0.228832 0.535977 0.579825 -0.226702 0.788363 -0.058615 0.947293 0.314960
3
2.000000
2.000000
60
1.000000 1.000000 1.000000
0.000000 0.000000 0.000000
0.206885 -2.130131 0.374990
1.000000 1.000000 1.000000
-0.828294 0.088490 0.561375 0.495077 -0.374872 0.789565 0.277586 0.923725 0.263964
3
2.000000
2.000000
974449136
3
20
1.000000 1.000000 1.000000
0.000000 0.000000 0.000000
-0.994202 -2.423880 0.621433
1.000000 1.000000 1.000000
-0.918382 -0.395676 -0.003841 -0.007034 0.006619 0.999953 -0.395632 0.918366 -0.008862
3
2.000000
2.000000
40
1.000000 1.000000 1.000000
0.000000 0.000000 0.000000
-0.270866 -2.094378 0.448191
1.000000 1.000000 1.000000
-0.998911 0.106160 0.003965 0.005508 0.014316 1.004427 0.105609 0.994292 -0.015167
3
2.000000
2.000000
60
1.000000 1.000000 1.000000
0.000000 0.000000 0.000000
0.206885 -2.130131 0.374990
1.000000 1.000000 1.000000
-0.914195 0.416281 0.001195 0.007222 0.012978 1.004402 0.414347 0.909993 -0.015134
3
2.000000
2.000000
974449544
3
20
1.000000 1.000000 1.000000
0.000000 0.000000 0.000000
-1.471699 -1.315485 0.610737
1.000000 1.000000 1.000000
-0.918382 -0.395676 -0.003841 -0.007034 0.006619 0.999953 -0.395632 0.918366 -0.008862
3
2.000000
2.000000
40
1.000000 1.000000 1.000000
0.000000 0.000000 0.000000
-0.145489 -0.913976 0.430185
1.000000 1.000000 1.000000
-0.998911 0.106160 0.003965 0.005508 0.014316 1.004427 0.105609 0.994292 -0.015167
3
2.000000
2.000000
60
1.000000 1.000000 1.000000
0.000000 0.000000 0.000000
0.698584 -1.050258 0.357030
1.000000 1.000000 1.000000
-0.914195 0.416281 0.001195 0.007222 0.012978 1.004402 0.414347 0.909993 -0.015134
3
2.000000
2.000000
974449952
3
20
1.000000 1.000000 1.000000
0.000000 0.000000 0.000000
-1.471699 -1.315485 0.610737
1.000000 1.000000 1.000000
-0.239026 -0.422650 -0.874204 -0.964798 0.001672 0.262988 -0.109690 0.906291 -0.408172
3
2.000000
2.000000
40
1.000000 1.000000 1.000000
0.000000 0.000000 0.000000
-0.145489 -0.913976 0.430185
1.000000 1.000000 1.000000
-0.358554 -0.191133 -0.918706 -0.892428 0.373442 0.270605 0.288603 0.908678 -0.301683
3
2.000000
2.000000
60
1.000000 1.000000 1.000000
0.000000 0.000000 0.000000
0.698584 -1.050258 0.357030
1.000000 1.000000 1.000000
-0.368529 -0.047652 -0.933255 -0.758240 0.601598 0.268701 0.543615 0.799505 -0.255488
3
2.000000
2.000000
1094649800
3
20
1.000000 1.000000 1.000000
0.000000 0.000000 0.000000
-1.636071 0.042606 -0.000914
1.000000 1.000000 1.000000
-0.239026 -0.422650 -0.874204 -0.964798 0.001672 0.262988 -0.109690 0.906291 -0.408172
3
2.000000
2.000000
40
1.000000 1.000000 1.000000
0.000000 0.000000 0.000000
0.280027 0.425778 -0.014616
1.000000 1.000000 1.000000
-0.358554 -0.191133 -0.918706 -0.892428 0.373442 0.270605 0.288603 0.908678 -0.301683
3
2.000000
2.000000
60
1.000000 1.000000 1.000000
0.000000 0.000000 0.000000
1.499697 0.127954 -0.019477
1.000000 1.000000 1.000000
-0.368529 -0.047652 -0.933255 -0.758240 0.601598 0.268701 0.543615 0.799505 -0.255488
3
2.000000
2.000000
1094652288
3
20
1.000000 1.000000 1.000000
0.000000 0.000000 0.000000
-1.636071 0.042606 -0.000914
1.000000 1.000000 1.000000
0.110558 -0.455885 -0.883145 -0.992311 -0.000890 -0.123764 0.055636 0.890038 -0.452478
3
2.000000
2.000000
40
1.000000 1.000000 1.000000
0.000000 0.000000 0.000000
0.280027 0.425778 -0.014616
1.000000 1.000000 1.000000
-0.026486 -0.355586 -0.939131 -0.922624 0.379511 -0.117675 0.394376 0.855670 -0.335107
3
2.000000
2.000000
60
1.000000 1.000000 1.000000
0.000000 0.000000 0.000000
1.499697 0.127954 -0.019477
1.000000 1.000000 1.000000
-0.086751 -0.296472 -0.955837 -0.784900 0.615360 -0.119629 0.617826 0.733408 -0.283555
3
2.000000
2.000000
1094652696
3
20
1.000000 1.000000 1.000000
0.000000 0.000000 0.000000
-1.545459 1.492167 -0.737843
1.000000 1.000000 1.000000
0.110558 -0.455885 -0.883145 -0.992311 -0.000890 -0.123764 0.055636 0.890038 -0.452478
3
2.000000
2.000000
40
1.000000 1.000000 1.000000
0.000000 0.000000 0.000000
0.912197 1.797385 -0.551781
1.000000 1.000000 1.000000
-0.026486 -0.355586 -0.939131 -0.922624 0.379511 -0.117675 0.394376 0.855670 -0.335107
3
2.000000
2.000000
60
1.000000 1.000000 1.000000
0.000000 0.000000 0.000000
2.489467 1.302889 -0.473738
1.000000 1.000000 1.000000
-0.086751 -0.296472 -0.955837 -0.784900 0.615360 -0.119629 0.617826 0.733408 -0.283555
3
2.000000
2.000000
1094650656
3
20
1.000000 1.000000 1.000000
0.000000 0.000000 0.000000
-1.545459 1.492167 -0.737843
1.000000 1.000000 1.000000
0.856984 -0.482316 0.181518 0.203725 -0.006467 -0.979007 0.473365 0.875973 0.092718
3
2.000000
2.000000
40
1.000000 1.000000 1.000000
0.000000 0.000000 0.000000
0.912197 1.797385 -0.551781
1.000000 1.000000 1.000000
0.721073 -0.672801 0.191059 0.177326 -0.089583 -0.984704 0.673551 0.737175 0.053874
3
2.000000
2.000000
60
1.000000 1.000000 1.000000
0.000000 0.000000 0.000000
2.489467 1.302889 -0.473738
1.000000 1.000000 1.000000
0.560062 -0.810638 0.195558 0.148311 -0.134983 -0.984292 0.816960 0.575021 0.043900
3
2.000000
2.000000
1094651472
3
20
1.000000 1.000000 1.000000
0.000000 0.000000 0.000000
-1.015581 2.472719 -0.634056
1.000000 1.000000 1.000000
0.856984 -0.482316 0.181518 0.203725 -0.006467 -0.979007 0.473365 0.875973 0.092718
3
2.000000
2.000000
40
1.000000 1.000000 1.000000
0.000000 0.000000 0.000000
1.654375 2.609669 -0.492418
1.000000 1.000000 1.000000
0.721073 -0.672801 0.191059 0.177326 -0.089583 -0.984704 0.673551 0.737175 0.053874
3
2.000000
2.000000
60
1.000000 1.000000 1.000000
0.000000 0.000000 0.000000
3.389077 1.936083 -0.425396
1.000000 1.000000 1.000000
0.560062 -0.810638 0.195558 0.148311 -0.134983 -0.984292 0.816960 0.575021 0.043900
3
2.000000
2.000000
1094653104
3
20
1.000000 1.000000 1.000000
0.000000 0.000000 0.000000
-1.015581 2.472719 -0.634056
1.000000 1.000000 1.000000
0.379384 -0.882339 0.278471 0.583618 -0.005334 -0.812011 0.717954 0.470584 0.512925
3
2.000000
2.000000
40
1.000000 1.000000 1.000000
0.000000 0.000000 0.000000
1.654375 2.609669 -0.492418
1.000000 1.000000 1.000000
0.275951 -0.866835 0.426100 0.531980 -0.233484 -0.819509 0.802627 0.448699 0.393013
3
2.000000
2.000000
60
1.000000 1.000000 1.000000
0.000000 0.000000 0.000000
3.389077 1.936083 -0.425396
1.000000 1.000000 1.000000
0.147336 -0.872683 0.475147 0.450327 -0.369536 -0.818350 0.881831 0.331491 0.335393
3
2.000000
2.000000
1094653512
3
20
1.000000 1.000000 1.000000
0.000000 0.000000 0.000000
-0.187917 3.015213 -0.042751
1.000000 1.000000 1.000000
0.379384 -0.882339 0.278471 0.583618 -0.005334 -0.812011 0.717954 0.470584 0.512925
3
2.000000
2.000000
40
1.000000 1.000000 1.000000
0.000000 0.000000 0.000000
2.572702 3.123049 -0.042751
1.000000 1.000000 1.000000
0.275951 -0.866835 0.426100 0.531980 -0.233484 -0.819509 0.802627 0.448699 0.393013
3
2.000000
2.000000
60
1.000000 1.000000 1.000000
0.000000 0.000000 0.000000
4.395144 2.314276 -0.042752
1.000000 1.000000 1.000000
0.147336 -0.872683 0.475147 0.450327 -0.369536 -0.818350 0.881831 0.331491 0.335393
3
2.000000
2.000000
1094650248
3
20
1.000000 1.000000 1.000000
0.000000 0.000000 0.000000
-0.187917 3.015213 -0.042751
1.000000 1.000000 1.000000
-0.000435 -0.006620 -0.999978 -1.000000 -0.000068 0.000435 -0.000071 0.999978 -0.006620
3
2.000000
2.000000
40
1.000000 1.000000 1.000000
0.000000 0.000000 0.000000
2.572703 3.123050 -0.042751
1.000000 1.000000 1.000000
-0.000232 -0.006414 -0.999979 -0.921851 0.387538 -0.002272 0.387545 0.921831 -0.006003
3
2.000000
2.000000
60
1.000000 1.000000 1.000000
0.000000 0.000000 0.000000
4.395144 2.314274 -0.042752
1.000000 1.000000 1.000000
-0.000689 -0.006878 -0.999976 -0.782381 0.622788 -0.003745 0.622799 0.782360 -0.005810
3
2.000000
2.000000
0

