Poses
6
Default 0
958350984
957378880
57
1
1.000000 1.000000 1.000000
1.000000 1.000000 1.000000
0.000000 0.000000 0.000000
1.000000 0.000000 0.000000 0.000000 1.000000 0.000000 0.000000 0.000000 1.000000
1.000000 0.000000 0.000000 0.000000 1.000000 0.000000 0.000000 0.000000 1.000000
1.000000 0.000000 0.000000 0.000000 1.000000 0.000000 0.000000 0.000000 1.000000
0.000000 0.732163 0.000000
0.000000 0.000000 0.000000
4
1
1.000000 1.000000 1.000000
1.000000 1.000000 1.000000
0.000000 0.000000 0.000000
0.556497 -0.123264 0.821655 -0.827969 -0.000000 0.560774 -0.069123 -0.992374 -0.102058
1.000000 0.000000 0.000000 0.000000 1.000000 0.000000 0.000000 0.000000 1.000000
0.556497 -0.827969 -0.069123 -0.123264 -0.000000 -0.992374 0.821655 0.560774 -0.102058
0.000000 0.732163 0.000000
0.000000 0.000000 0.000000
0
1
1.000000 1.000000 1.000000
1.000000 1.000000 1.000000
0.000000 0.000000 0.000000
0.556497 -0.123264 0.821655 -0.827969 -0.000000 0.560774 -0.069123 -0.992374 -0.102058
0.556489 -0.827969 -0.069119 -0.123273 -0.000003 -0.992374 0.821655 0.560782 -0.102049
0.556497 -0.827969 -0.069123 -0.123264 -0.000000 -0.992374 0.821655 0.560774 -0.102058
-0.012511 0.552545 -0.018472
0.000000 0.000000 0.180998
1
1
1.000000 1.000000 1.000000
1.000000 1.000000 1.000000
0.000000 0.000000 0.000000
-0.540811 0.830037 0.136242 -0.084195 0.107741 -0.990608 -0.836920 -0.547202 0.011617
0.556489 -0.827969 -0.069119 -0.123273 -0.000003 -0.992374 0.821655 0.560782 -0.102049
-0.540811 -0.084195 -0.836920 0.830037 0.107741 -0.547202 0.136242 -0.990608 0.011617
-0.012511 0.552545 -0.018472
0.000000 0.000000 -0.000000
0
1
1.000000 1.000000 1.000000
1.000000 1.000000 1.000000
0.000000 0.000000 0.000000
-0.540811 0.830037 0.136242 -0.084195 0.107741 -0.990608 -0.836920 -0.547202 0.011617
-0.540814 -0.084203 -0.836923 0.830034 0.107741 -0.547199 0.136239 -0.990620 0.011613
-0.540811 -0.084195 -0.836920 0.830037 0.107741 -0.547202 0.136242 -0.990608 0.011617
-0.231273 0.409513 -0.015436
0.000001 0.000001 0.261389
1
1
1.000000 1.000000 1.000000
1.000000 1.000000 1.000000
0.000000 0.000000 0.000000
0.133110 0.264322 0.955205 -0.990038 -0.009170 0.140501 0.045896 -0.964391 0.260468
0.999976 0.000110 0.007072 0.007073 -0.015421 -0.999855 0.000002 0.999885 -0.015423
0.133110 -0.990038 0.045896 0.264322 -0.009170 -0.964391 0.955205 0.140501 0.260468
-0.231273 0.409513 -0.015436
0.000000 0.000000 0.000000
0
1
1.000000 1.000000 1.000000
1.000000 1.000000 1.000000
0.000000 0.000000 0.000000
0.133110 0.264322 0.955205 -0.990038 -0.009170 0.140501 0.045896 -0.964391 0.260468
0.133108 -0.990038 0.045896 0.264321 -0.009170 -0.964391 0.955205 0.140503 0.260469
0.133110 -0.990038 0.045896 0.264322 -0.009170 -0.964391 0.955205 0.140501 0.260468
-0.190014 -0.457434 0.218714
0.000000 0.000000 0.898958
1
1
1.000000 1.000000 1.000000
1.000000 1.000000 1.000000
0.000000 0.000000 0.000000
-0.135043 0.344272 -0.929107 0.990038 0.009170 -0.140501 -0.039851 -0.938825 -0.342080
0.133108 -0.990038 0.045896 0.264321 -0.009170 -0.964391 0.955205 0.140503 0.260469
-0.135043 0.990038 -0.039851 0.344272 0.009170 -0.938825 -0.929107 -0.140501 -0.342080
-0.190014 -0.457434 0.218714
0.000000 0.000000 0.000000
0
1
1.000000 1.000000 1.000000
1.000000 1.000000 1.000000
0.000000 0.000000 0.000000
-0.135043 0.344272 -0.929107 0.990038 0.009170 -0.140501 -0.039851 -0.938825 -0.342080
-0.135043 0.990036 -0.039851 0.344271 0.009170 -0.938824 -0.929108 -0.140501 -0.342076
-0.135043 0.990038 -0.039851 0.344272 0.009170 -0.938825 -0.929107 -0.140501 -0.342080
-0.220124 -1.166778 -0.039750
-0.000000 -0.000000 0.755565
1
1
1.000000 1.000000 1.000000
1.000000 1.000000 1.000000
0.000000 0.000000 0.000000
0.028845 0.586329 0.809560 -0.999178 0.039994 0.006635 -0.028488 -0.809085 0.587000
0.999974 0.000110 0.007072 0.007073 -0.015421 -0.999854 0.000001 0.999884 -0.015422
0.028845 -0.999178 -0.028488 0.586329 0.039994 -0.809085 0.809560 0.006635 0.587000
-0.220124 -1.166778 -0.039750
0.000000 0.000000 0.000000
0
1
1.000000 1.000000 1.000000
1.000000 1.000000 1.000000
0.000000 0.000000 0.000000
0.028845 0.586329 0.809560 -0.999178 0.039994 0.006635 -0.028488 -0.809085 0.587000
0.028848 -0.999181 -0.028497 0.586337 0.039985 -0.809076 0.809572 0.006638 0.586995
0.028845 -0.999178 -0.028488 0.586329 0.039994 -0.809085 0.809560 0.006635 0.587000
-0.227417 -1.373913 0.110528
-0.000001 -0.000000 0.256011
1
1
1.000000 1.000000 1.000000
1.000000 1.000000 1.000000
0.000000 0.000000 0.000000
0.088460 0.922277 0.376270 -0.995849 0.073757 0.053334 0.021436 -0.379426 0.924974
0.028848 -0.999181 -0.028497 0.586337 0.039985 -0.809076 0.809572 0.006638 0.586995
0.088460 -0.995849 0.021436 0.922277 0.073757 -0.379426 0.376270 0.053334 0.924974
-0.227417 -1.373913 0.110528
0.000000 0.000000 0.000000
0
1
1.000000 1.000000 1.000000
1.000000 1.000000 1.000000
0.000000 0.000000 0.000000
0.088460 0.922277 0.376270 -0.995849 0.073757 0.053334 0.021436 -0.379426 0.924974
0.088463 -0.995849 0.021433 0.922265 0.073753 -0.379426 0.376271 0.053334 0.924983
0.088460 -0.995849 0.021436 0.922277 0.073757 -0.379426 0.376270 0.053334 0.924974
-0.222924 -1.453431 0.304379
0.000000 -0.000001 0.209575
1
1
1.000000 1.000000 1.000000
1.000000 1.000000 1.000000
0.000000 0.000000 0.000000
0.450366 0.860098 0.239585 -0.360065 -0.070589 0.930253 0.817021 -0.505221 0.277900
0.556489 -0.827969 -0.069119 -0.123273 -0.000003 -0.992374 0.821655 0.560782 -0.102049
0.450366 -0.360065 0.817021 0.860098 -0.070589 -0.505221 0.239585 0.930253 0.277900
-0.012511 0.552545 -0.018472
0.000000 0.000000 -0.000000
0
1
1.000000 1.000000 1.000000
1.000000 1.000000 1.000000
0.000000 0.000000 0.000000
0.450366 0.860098 0.239585 -0.360065 -0.070589 0.930253 0.817021 -0.505221 0.277900
0.450355 -0.360068 0.817021 0.860090 -0.070586 -0.505224 0.239582 0.930256 0.277896
0.450366 -0.360065 0.817021 0.860098 -0.070589 -0.505221 0.239585 0.930253 0.277900
0.222653 0.407127 0.061516
0.000000 -0.000000 0.287831
1
1
1.000000 1.000000 1.000000
1.000000 1.000000 1.000000
0.000000 0.000000 0.000000
-0.014972 0.196195 0.980451 -0.999783 0.011281 -0.017524 -0.014498 -0.980500 0.195984
0.999947 -0.000667 -0.010103 -0.010128 -0.065796 -0.997781 -0.000001 0.997833 -0.065800
-0.014972 -0.999783 -0.014498 0.196195 0.011281 -0.980500 0.980451 -0.017524 0.195984
0.222653 0.407127 0.061516
0.000000 0.000000 -0.000000
0
1
1.000000 1.000000 1.000000
1.000000 1.000000 1.000000
0.000000 0.000000 0.000000
-0.014972 0.196195 0.980451 -0.999783 0.011281 -0.017524 -0.014498 -0.980500 0.195984
-0.014971 -0.999782 -0.014499 0.196196 0.011281 -0.980500 0.980450 -0.017525 0.195983
-0.014972 -0.999783 -0.014498 0.196195 0.011281 -0.980500 0.980451 -0.017524 0.195984
0.209812 -0.461292 0.235097
0.000000 -0.000000 0.885690
1
1
1.000000 1.000000 1.000000
1.000000 1.000000 1.000000
0.000000 0.000000 0.000000
0.020474 0.374405 -0.927039 0.999783 -0.011281 0.017524 -0.003896 -0.927197 -0.374555
-0.014971 -0.999782 -0.014499 0.196196 0.011281 -0.980500 0.980450 -0.017525 0.195983
0.020474 0.999783 -0.003896 0.374405 -0.011281 -0.927197 -0.927039 0.017524 -0.374555
0.209812 -0.461292 0.235097
0.000000 0.000000 0.000000
0
1
1.000000 1.000000 1.000000
1.000000 1.000000 1.000000
0.000000 0.000000 0.000000
0.020474 0.374405 -0.927039 0.999783 -0.011281 0.017524 -0.003896 -0.927197 -0.374555
0.020473 0.999783 -0.003896 0.374406 -0.011282 -0.927197 -0.927040 0.017525 -0.374553
0.020474 0.999783 -0.003896 0.374405 -0.011281 -0.927197 -0.927039 0.017524 -0.374555
0.206942 -1.144238 -0.040789
-0.000000 0.000000 0.736571
1
1
1.000000 1.000000 1.000000
1.000000 1.000000 1.000000
0.000000 0.000000 0.000000
0.029764 0.662841 0.748169 -0.998257 -0.018452 0.056061 0.050964 -0.748533 0.661136
0.999949 -0.000665 -0.010104 -0.010127 -0.065797 -0.997781 0.000000 0.997833 -0.065798
0.029764 -0.998257 0.050964 0.662841 -0.018452 -0.748533 0.748169 0.056061 0.661136
0.206942 -1.144238 -0.040789
0.000000 0.000000 -0.000000
0
1
1.000000 1.000000 1.000000
1.000000 1.000000 1.000000
0.000000 0.000000 0.000000
0.029764 0.662841 0.748169 -0.998257 -0.018452 0.056061 0.050964 -0.748533 0.661136
0.029761 -0.998260 0.050955 0.662850 -0.018455 -0.748533 0.748178 0.056070 0.661135
0.029764 -0.998257 0.050964 0.662841 -0.018452 -0.748533 0.748169 0.056061 0.661136
0.217816 -1.303950 0.100276
0.000000 0.000000 0.213367
1
1
1.000000 1.000000 1.000000
1.000000 1.000000 1.000000
0.000000 0.000000 0.000000
0.003401 0.786934 0.617027 -0.998618 -0.029687 0.043367 0.052445 -0.616322 0.785746
0.029761 -0.998260 0.050955 0.662850 -0.018455 -0.748533 0.748178 0.056070 0.661135
0.003401 -0.998618 0.052445 0.786934 -0.029687 -0.616322 0.617027 0.043367 0.785746
0.217816 -1.303950 0.100276
0.000000 0.000000 0.000000
0
1
1.000000 1.000000 1.000000
1.000000 1.000000 1.000000
0.000000 0.000000 0.000000
0.003401 0.786934 0.617027 -0.998618 -0.029687 0.043367 0.052445 -0.616322 0.785746
0.003393 -0.998618 0.052448 0.786924 -0.029678 -0.616323 0.617021 0.043367 0.785746
0.003401 -0.998618 0.052445 0.786934 -0.029687 -0.616322 0.617027 0.043367 0.785746
0.229873 -1.445639 0.280914
-0.000000 -0.000000 0.229894
1
1
1.000000 1.000000 1.000000
1.000000 1.000000 1.000000
0.000000 0.000000 0.000000
-1.000000 -0.000000 0.000000 0.000000 -0.062378 0.998053 0.000000 0.998053 0.062378
0.556489 -0.827969 -0.069119 -0.123273 -0.000003 -0.992374 0.821655 0.560782 -0.102049
-1.000000 0.000000 0.000000 -0.000000 -0.062378 0.998053 0.000000 0.998053 0.062378
0.000000 0.732163 0.000000
0.000000 0.000000 -0.000000
0
1
1.000000 1.000000 1.000000
1.000000 1.000000 1.000000
0.000000 0.000000 0.000000
-1.000000 -0.000000 0.000000 0.000000 -0.062378 0.998053 0.000000 0.998053 0.062378
-1.000000 0.000000 0.000000 0.000000 -0.062378 0.998062 0.000000 0.998062 0.062378
-1.000000 0.000000 0.000000 -0.000000 -0.062378 0.998053 0.000000 0.998053 0.062378
0.000000 0.971331 0.014948
0.000000 0.000000 0.239635
1
1
1.000000 1.000000 1.000000
1.000000 1.000000 1.000000
0.000000 0.000000 0.000000
0.000000 -0.088927 0.996038 1.000000 0.000000 -0.000000 0.000000 0.996038 0.088932
-1.000000 0.000000 0.000000 0.000000 -0.062378 0.998062 0.000000 0.998062 0.062378
0.000000 1.000000 0.000000 -0.088927 0.000000 0.996038 0.996038 -0.000000 0.088932
0.000000 0.971331 0.014948
0.000000 0.000000 0.000000
0
1
1.000000 1.000000 1.000000
1.000000 1.000000 1.000000
0.000000 0.000000 0.000000
0.000000 -0.088927 0.996038 1.000000 0.000000 -0.000000 0.000000 0.996038 0.088932
0.000000 1.000000 0.000000 -0.088863 0.000000 0.996040 0.996042 0.000000 0.088996
0.000000 1.000000 0.000000 -0.088927 0.000000 0.996038 0.996038 -0.000000 0.088932
0.000000 1.250360 0.039861
0.000001 0.000000 0.280139
1
1
1.000000 1.000000 1.000000
1.000000 1.000000 1.000000
0.000000 0.000000 0.000000
0.000000 -0.097888 -0.995197 -1.000000 0.000000 -0.000000 0.000000 0.995197 -0.097888
0.000000 1.000000 0.000000 -0.088863 0.000000 0.996040 0.996042 0.000000 0.088996
0.000000 -1.000000 0.000000 -0.097888 0.000000 0.995197 -0.995197 -0.000000 -0.097888
0.000000 1.250360 0.039861
0.000000 0.000000 0.000000
0
1
1.000000 1.000000 1.000000
1.000000 1.000000 1.000000
0.000000 0.000000 0.000000
0.000000 -0.097888 -0.995197 -1.000000 0.000000 -0.000000 0.000000 0.995197 -0.097888
0.000000 -1.000000 0.000000 -0.097887 0.000000 0.995186 -0.995187 0.000000 -0.097889
0.000000 -1.000000 0.000000 -0.097888 0.000000 0.995197 -0.995197 -0.000000 -0.097888
0.000000 1.554302 0.009965
0.000000 0.000000 0.305409
1
1
1.000000 1.000000 1.000000
1.000000 1.000000 1.000000
0.000000 0.000000 0.000000
0.000000 -0.267644 0.963518 1.000000 0.000000 -0.000000 0.000000 0.963518 0.267644
0.000000 -1.000000 0.000000 -0.097887 0.000000 0.995186 -0.995187 0.000000 -0.097889
0.000000 1.000000 0.000000 -0.267644 0.000000 0.963518 0.963518 -0.000000 0.267644
0.000000 1.554302 0.009965
0.000000 0.000000 0.000000
0
1
1.000000 1.000000 1.000000
1.000000 1.000000 1.000000
0.000000 0.000000 0.000000
0.000000 -0.267644 0.963518 1.000000 0.000000 -0.000000 0.000000 0.963518 0.267644
0.000000 1.000000 0.000000 -0.267644 0.000000 0.963521 0.963521 0.000000 0.267644
0.000000 1.000000 0.000000 -0.267644 0.000000 0.963518 0.963518 -0.000000 0.267644
0.000000 1.733678 0.059792
0.000000 0.000000 0.186168
1
1
1.000000 1.000000 1.000000
1.000000 1.000000 1.000000
0.000000 0.000000 0.000000
0.000000 0.094176 -0.995556 -1.000000 0.000000 0.000000 0.000000 0.995556 0.094174
0.000000 1.000000 0.000000 -0.267644 0.000000 0.963521 0.963521 0.000000 0.267644
0.000000 -1.000000 0.000000 0.094176 0.000000 0.995556 -0.995556 0.000000 0.094174
0.000000 1.733678 0.059792
0.000000 0.000000 0.000000
0
1
1.000000 1.000000 1.000000
1.000000 1.000000 1.000000
0.000000 0.000000 0.000000
0.000000 0.094176 -0.995556 -1.000000 0.000000 0.000000 0.000000 0.995556 0.094174
0.000000 -1.000000 0.000000 0.094201 0.000000 0.995565 -0.995565 0.000000 0.094149
0.000000 -1.000000 0.000000 0.094176 0.000000 0.995556 -0.995556 0.000000 0.094174
0.000000 2.102395 0.094671
0.000000 0.000000 0.370363
1
1
1.000000 1.000000 1.000000
1.000000 1.000000 1.000000
0.000000 0.000000 0.000000
0.350870 -0.930570 0.104544 -0.036884 0.097822 0.994520 -0.935697 -0.352804 0.000000
0.000000 -1.000000 0.000000 -0.097887 0.000000 0.995186 -0.995187 0.000000 -0.097889
0.350870 -0.036884 -0.935697 -0.930570 0.097822 -0.352804 0.104544 0.994520 0.000000
0.000000 1.554302 0.009965
0.000000 0.000000 0.000000
0
1
1.000000 1.000000 1.000000
1.000000 1.000000 1.000000
0.000000 0.000000 0.000000
0.350870 -0.930570 0.104544 -0.036884 0.097822 0.994520 -0.935697 -0.352804 0.000000
0.350861 -0.036888 -0.935688 -0.930571 0.097826 -0.352812 0.104535 0.994516 0.000003
0.350870 -0.036884 -0.935697 -0.930570 0.097822 -0.352804 0.104544 0.994520 0.000000
-0.303942 1.439701 0.009965
0.000000 0.000000 0.324829
1
1
1.000000 1.000000 1.000000
1.000000 1.000000 1.000000
0.000000 0.000000 0.000000
-0.682988 0.389220 -0.618090 0.654326 -0.050062 -0.754553 -0.324630 -0.919783 -0.220485
0.984976 -0.064011 -0.160387 -0.164448 -0.064215 -0.984294 0.052704 0.995878 -0.073778
-0.682988 0.654326 -0.324630 0.389220 -0.050062 -0.919783 -0.618090 -0.754553 -0.220485
-0.303942 1.439701 0.009965
0.000000 0.000000 -0.000000
0
1
1.000000 1.000000 1.000000
1.000000 1.000000 1.000000
0.000000 0.000000 0.000000
-0.682988 0.389220 -0.618090 0.654326 -0.050062 -0.754553 -0.324630 -0.919783 -0.220485
-0.682987 0.654328 -0.324632 0.389218 -0.050063 -0.919784 -0.618089 -0.754550 -0.220486
-0.682988 0.654326 -0.324630 0.389220 -0.050062 -0.919783 -0.618090 -0.754553 -0.220485
-0.513214 0.846765 -0.132170
-0.000000 -0.000000 0.644647
1
1
1.000000 1.000000 1.000000
1.000000 1.000000 1.000000
0.000000 0.000000 0.000000
0.756212 0.043317 0.652891 -0.654326 0.050062 0.754553 0.000000 -0.997806 0.066201
-0.682987 0.654328 -0.324632 0.389218 -0.050063 -0.919784 -0.618089 -0.754550 -0.220486
0.756212 -0.654326 0.000000 0.043317 0.050062 -0.997806 0.652891 0.754553 0.066201
-0.513214 0.846765 -0.132170
0.000000 0.000000 -0.000000
0
1
1.000000 1.000000 1.000000
1.000000 1.000000 1.000000
0.000000 0.000000 0.000000
0.756212 0.043317 0.652891 -0.654326 0.050062 0.754553 0.000000 -0.997806 0.066201
0.756213 -0.654326 0.000000 0.043316 0.050061 -0.997805 0.652892 0.754554 0.066203
0.756212 -0.654326 0.000000 0.043317 0.050062 -0.997806 0.652891 0.754553 0.066201
-0.513214 0.155399 -0.086300
0.000000 0.000000 0.692886
1
1
1.000000 1.000000 1.000000
1.000000 1.000000 1.000000
0.000000 0.000000 0.000000
0.045043 0.375345 -0.925790 0.998747 0.003313 0.049936 0.021810 -0.926879 -0.374726
0.984980 -0.064010 -0.160386 -0.164449 -0.064218 -0.984291 0.052707 0.995880 -0.073776
0.045043 0.998747 0.021810 0.375345 0.003313 -0.926879 -0.925790 0.049936 -0.374726
-0.513214 0.155399 -0.086300
0.000000 0.000000 -0.000000
0
1
1.000000 1.000000 1.000000
1.000000 1.000000 1.000000
0.000000 0.000000 0.000000
0.045043 0.375345 -0.925790 0.998747 0.003313 0.049936 0.021810 -0.926879 -0.374726
0.045042 0.998748 0.021807 0.375337 0.003316 -0.926876 -0.925791 0.049939 -0.374734
0.045043 0.998747 0.021810 0.375345 0.003313 -0.926879 -0.925790 0.049936 -0.374726
-0.508231 -0.056349 -0.171907
-0.000000 0.000000 0.228453
1
1
1.000000 1.000000 1.000000
1.000000 1.000000 1.000000
0.000000 0.000000 0.000000
-0.314542 -0.943625 0.103128 -0.032612 -0.097836 -0.994668 0.948683 -0.316228 0.000000
0.000000 -1.000000 0.000000 -0.097887 0.000000 0.995186 -0.995187 0.000000 -0.097889
-0.314542 -0.032612 0.948683 -0.943625 -0.097836 -0.316228 0.103128 -0.994668 0.000000
0.000000 1.554302 0.009965
0.000000 0.000000 0.000000
0
1
1.000000 1.000000 1.000000
1.000000 1.000000 1.000000
0.000000 0.000000 0.000000
-0.314542 -0.943625 0.103128 -0.032612 -0.097836 -0.994668 0.948683 -0.316228 0.000000
-0.314542 -0.032612 0.948680 -0.943626 -0.097839 -0.316228 0.103125 -0.994667 -0.000000
-0.314542 -0.032612 0.948683 -0.943625 -0.097836 -0.316228 0.103128 -0.994668 0.000000
0.284012 1.459632 0.009965
-0.000001 -0.000000 0.299375
1
1
1.000000 1.000000 1.000000
1.000000 1.000000 1.000000
0.000000 0.000000 0.000000
0.661770 0.387980 -0.641508 0.673751 0.067520 0.735867 0.328816 -0.919191 -0.216720
-0.981567 -0.063204 0.180362 -0.184374 0.064690 -0.980725 0.050317 -0.995901 -0.075152
0.661770 0.673751 0.328816 0.387980 0.067520 -0.919191 -0.641508 0.735867 -0.216720
0.284012 1.459632 0.009965
0.000000 0.000000 0.000000
0
1
1.000000 1.000000 1.000000
1.000000 1.000000 1.000000
0.000000 0.000000 0.000000
0.661770 0.387980 -0.641508 0.673751 0.067520 0.735867 0.328816 -0.919191 -0.216720
0.661769 0.673751 0.328815 0.387980 0.067521 -0.919191 -0.641509 0.735866 -0.216720
0.661770 0.673751 0.328816 0.387980 0.067520 -0.919191 -0.641508 0.735867 -0.216720
0.503249 0.846765 -0.134532
0.000000 -0.000000 0.666746
1
1
1.000000 1.000000 1.000000
1.000000 1.000000 1.000000
0.000000 0.000000 0.000000
-0.738392 0.022554 0.673994 -0.673751 -0.067520 -0.735867 0.028911 -0.997463 0.065052
0.661769 0.673751 0.328815 0.387980 0.067521 -0.919191 -0.641509 0.735866 -0.216720
-0.738392 -0.673751 0.028911 0.022554 -0.067520 -0.997463 0.673994 -0.735867 0.065052
0.503249 0.846765 -0.134532
0.000000 0.000000 0.000000
0
1
1.000000 1.000000 1.000000
1.000000 1.000000 1.000000
0.000000 0.000000 0.000000
-0.738392 0.022554 0.673994 -0.673751 -0.067520 -0.735867 0.028911 -0.997463 0.065052
-0.738391 -0.673750 0.028912 0.022555 -0.067519 -0.997463 0.673994 -0.735867 0.065052
-0.738392 -0.673751 0.028911 0.022554 -0.067520 -0.997463 0.673994 -0.735867 0.065052
0.523179 0.159158 -0.089688
0.000000 0.000000 0.689356
1
1
1.000000 1.000000 1.000000
1.000000 1.000000 1.000000
0.000000 0.000000 0.000000
-0.296113 0.363148 -0.883426 0.948989 0.006948 -0.315232 -0.108338 -0.931705 -0.346681
-0.981566 -0.063203 0.180364 -0.184372 0.064691 -0.980725 0.050317 -0.995901 -0.075151
-0.296113 0.948989 -0.108338 0.363148 0.006948 -0.931705 -0.883426 -0.315232 -0.346681
0.523179 0.159158 -0.089688
0.000000 0.000000 0.000000
0
1
1.000000 1.000000 1.000000
1.000000 1.000000 1.000000
0.000000 0.000000 0.000000
-0.296113 0.363148 -0.883426 0.948989 0.006948 -0.315232 -0.108338 -0.931705 -0.346681
-0.296125 0.948986 -0.108339 0.363148 0.006947 -0.931693 -0.883434 -0.315223 -0.346681
-0.296113 0.948989 -0.108338 0.363148 0.006948 -0.931705 -0.883426 -0.315232 -0.346681
0.498266 -0.055097 -0.169410
-0.000001 0.000000 0.229960
1
1
1.000000 1.000000 1.000000
1.000000 1.000000 1.000000
0.000000 0.000000 0.000000
0.999949 -0.010127 0.000000 -0.000666 -0.065795 0.997833 -0.010105 -0.997782 -0.065799
0.441633 -0.359332 0.822095 0.182175 0.933121 0.309995 -0.878505 0.012861 0.477559
0.999949 -0.000666 -0.010105 -0.010127 -0.065795 -0.997782 0.000000 0.997833 -0.065799
0.222653 0.407127 0.061516
0.000000 0.000000 0.000000
2
1
1.000000 1.000000 1.000000
1.000000 1.000000 1.000000
0.000000 0.000000 0.000000
0.999949 -0.010127 0.000000 -0.000666 -0.065795 0.997833 -0.010105 -0.997782 -0.065799
1.000000 -0.000000 -0.000000 -0.000000 1.000000 0.000000 -0.000000 0.000000 1.000000
0.999949 -0.000666 -0.010105 -0.010127 -0.065795 -0.997782 0.000000 0.997833 -0.065799
0.206942 -1.144238 -0.040789
0.000001 -0.000000 1.554814
5
1
1.000000 1.000000 1.000000
1.000000 1.000000 1.000000
0.000000 0.000000 0.000000
0.999975 0.007073 0.000000 0.000109 -0.015422 0.999881 0.007072 -0.999856 -0.015423
-0.534927 -0.083431 -0.840769 0.123366 -0.992161 0.019963 -0.835843 -0.093043 0.541025
0.999975 0.000109 0.007072 0.007073 -0.015422 -0.999856 0.000000 0.999881 -0.015423
-0.231273 0.409513 -0.015436
0.000000 0.000000 0.000000
2
1
1.000000 1.000000 1.000000
1.000000 1.000000 1.000000
0.000000 0.000000 0.000000
0.999975 0.007073 0.000000 0.000109 -0.015422 0.999881 0.007072 -0.999856 -0.015423
1.000000 -0.000000 0.000000 -0.000000 1.000000 0.000000 0.000000 0.000000 1.000000
0.999975 0.000109 0.007072 0.007073 -0.015422 -0.999856 0.000000 0.999881 -0.015423
-0.220124 -1.166778 -0.039750
-0.000000 0.000001 1.576518
5
1
1.000000 1.000000 1.000000
1.000000 1.000000 1.000000
0.000000 0.000000 0.000000
-0.981567 -0.184373 0.050318 -0.063204 0.064691 -0.995902 0.180363 -0.980725 -0.075151
0.487913 -0.000000 -0.872892 -0.143869 0.986324 -0.080417 0.860955 0.164819 0.481240
-0.981567 -0.063204 0.180363 -0.184373 0.064691 -0.980725 0.050318 -0.995902 -0.075151
0.284012 1.459632 0.009965
0.000000 -0.000000 0.000000
2
1
1.000000 1.000000 1.000000
1.000000 1.000000 1.000000
0.000000 0.000000 0.000000
-0.981567 -0.184373 0.050318 -0.063204 0.064691 -0.995902 0.180363 -0.980725 -0.075151
1.000000 -0.000000 -0.000000 -0.000000 1.000000 0.000000 -0.000000 0.000000 1.000000
-0.981567 -0.063204 0.180363 -0.184373 0.064691 -0.980725 0.050318 -0.995902 -0.075151
0.523179 0.159158 -0.089688
-0.000000 -0.000001 1.326033
3
1
1.000000 1.000000 1.000000
1.000000 1.000000 1.000000
0.000000 0.000000 0.000000
0.984977 -0.164449 0.052705 -0.064010 -0.064216 0.995881 -0.160387 -0.984293 -0.073778
0.504140 0.000000 -0.863621 0.141412 0.986503 0.082550 0.851966 -0.163743 0.497336
0.984977 -0.064010 -0.160387 -0.164449 -0.064216 -0.984293 0.052705 0.995881 -0.073778
-0.303942 1.439701 0.009965
0.000000 0.000000 0.000000
2
1
1.000000 1.000000 1.000000
1.000000 1.000000 1.000000
0.000000 0.000000 0.000000
0.984977 -0.164449 0.052705 -0.064010 -0.064216 0.995881 -0.160387 -0.984293 -0.073778
1.000000 0.000000 0.000000 0.000000 1.000000 0.000000 0.000000 0.000000 1.000000
0.984977 -0.064010 -0.160387 -0.164449 -0.064216 -0.984293 0.052705 0.995881 -0.073778
-0.513214 0.155399 -0.086300
0.000000 -0.000000 1.304796
5
Pose 1
958351400
957378880
57
1
1.000000 1.000000 1.000000
1.000000 1.000000 1.000000
0.000000 0.000000 0.000000
1.000000 0.000000 0.000000 0.000000 1.000000 0.000000 0.000000 0.000000 1.000000
1.000000 0.000000 0.000000 0.000000 1.000000 0.000000 0.000000 0.000000 1.000000
1.000000 0.000000 0.000000 0.000000 1.000000 0.000000 0.000000 0.000000 1.000000
0.000000 0.732163 0.000000
0.000000 0.000000 0.000000
4
1
1.000000 1.000000 1.000000
1.000000 1.000000 1.000000
0.000000 0.000000 0.000000
0.556497 -0.123264 0.821655 -0.827969 -0.000000 0.560774 -0.069123 -0.992374 -0.102058
1.000000 0.000000 0.000000 0.000000 1.000000 0.000000 0.000000 0.000000 1.000000
0.556497 -0.827969 -0.069123 -0.123264 -0.000000 -0.992374 0.821655 0.560774 -0.102058
0.000000 0.732163 0.000000
0.000000 0.000000 0.000000
0
1
1.000000 1.000000 1.000000
1.000000 1.000000 1.000000
0.000000 0.000000 0.000000
0.556497 -0.123264 0.821655 -0.827969 -0.000000 0.560774 -0.069123 -0.992374 -0.102058
0.556490 -0.827969 -0.069119 -0.123272 -0.000003 -0.992374 0.821655 0.560781 -0.102050
0.556497 -0.827969 -0.069123 -0.123264 -0.000000 -0.992374 0.821655 0.560774 -0.102058
-0.012511 0.552545 -0.018472
0.000000 0.000000 0.000000
1
1
1.000000 1.000000 1.000000
1.000000 1.000000 1.000000
0.000000 0.000000 0.000000
-0.540811 0.830037 0.136242 -0.084195 0.107741 -0.990608 -0.836920 -0.547202 0.011617
0.556490 -0.827969 -0.069119 -0.123272 -0.000003 -0.992374 0.821655 0.560781 -0.102050
-0.540811 -0.084195 -0.836920 0.830037 0.107741 -0.547202 0.136242 -0.990608 0.011617
-0.012511 0.552545 -0.018472
0.000000 0.000000 0.000000
0
1
1.000000 1.000000 1.000000
1.000000 1.000000 1.000000
0.000000 0.000000 0.000000
-0.540811 0.830037 0.136242 -0.084195 0.107741 -0.990608 -0.836920 -0.547202 0.011617
-0.540814 -0.084202 -0.836923 0.830034 0.107741 -0.547199 0.136239 -0.990619 0.011613
-0.540811 -0.084195 -0.836920 0.830037 0.107741 -0.547202 0.136242 -0.990608 0.011617
-0.231273 0.409513 -0.015436
0.000000 0.000000 0.000000
1
1
1.000000 1.000000 1.000000
1.000000 1.000000 1.000000
0.000000 0.000000 0.000000
0.022420 0.263397 0.964427 -0.999653 -0.007461 0.025277 0.013853 -0.964659 0.263138
0.999976 0.000110 0.007072 0.007073 -0.015421 -0.999855 0.000002 0.999885 -0.015423
0.133110 -0.990038 0.045896 0.264322 -0.009170 -0.964391 0.955205 0.140501 0.260468
-0.231273 0.409513 -0.015436
0.000000 0.000000 0.000000
0
1
1.000000 1.000000 1.000000
1.000000 1.000000 1.000000
0.000000 0.000000 0.000000
0.022420 0.263397 0.964427 -0.999653 -0.007461 0.025277 0.013853 -0.964659 0.263138
0.133108 -0.990038 0.045896 0.264321 -0.009170 -0.964391 0.955205 0.140503 0.260469
0.133110 -0.990038 0.045896 0.264322 -0.009170 -0.964391 0.955205 0.140501 0.260468
-0.218820 -0.457675 0.221114
0.000000 0.000000 0.000000
1
1
1.000000 1.000000 1.000000
1.000000 1.000000 1.000000
0.000000 0.000000 0.000000
-0.026298 0.345181 -0.938168 0.999653 0.007461 -0.025277 -0.001726 -0.938507 -0.345257
0.133108 -0.990038 0.045896 0.264321 -0.009170 -0.964391 0.955205 0.140503 0.260469
-0.135043 0.990038 -0.039851 0.344272 0.009170 -0.938825 -0.929107 -0.140501 -0.342080
-0.218820 -0.457675 0.221114
0.000000 0.000000 0.000000
0
1
1.000000 1.000000 1.000000
1.000000 1.000000 1.000000
0.000000 0.000000 0.000000
-0.026298 0.345181 -0.938168 0.999653 0.007461 -0.025277 -0.001726 -0.938507 -0.345257
-0.135043 0.990036 -0.039851 0.344271 0.009170 -0.938824 -0.929108 -0.140501 -0.342077
-0.135043 0.990038 -0.039851 0.344272 0.009170 -0.938825 -0.929107 -0.140501 -0.342080
-0.220124 -1.166778 -0.039750
0.000000 0.000000 0.000000
1
1
1.000000 1.000000 1.000000
1.000000 1.000000 1.000000
0.000000 0.000000 0.000000
-0.063778 0.585698 0.808017 -0.993194 0.041816 -0.108706 -0.097457 -0.809450 0.579044
0.999974 0.000110 0.007072 0.007073 -0.015421 -0.999854 0.000001 0.999884 -0.015422
0.028845 -0.999178 -0.028488 0.586329 0.039994 -0.809085 0.809560 0.006635 0.587000
-0.220124 -1.166778 -0.039750
0.000000 0.000000 0.000000
0
1
1.000000 1.000000 1.000000
1.000000 1.000000 1.000000
0.000000 0.000000 0.000000
-0.063778 0.585698 0.808017 -0.993194 0.041816 -0.108706 -0.097457 -0.809450 0.579044
0.028848 -0.999181 -0.028496 0.586336 0.039986 -0.809077 0.809571 0.006638 0.586995
0.028845 -0.999178 -0.028488 0.586329 0.039994 -0.809085 0.809560 0.006635 0.587000
-0.245074 -1.374006 0.108492
0.000000 0.000000 0.000000
1
1
1.000000 1.000000 1.000000
1.000000 1.000000 1.000000
0.000000 0.000000 0.000000
0.046035 0.921845 0.384815 -0.995219 0.075539 -0.061903 -0.086134 -0.380123 0.920916
0.028848 -0.999181 -0.028496 0.586336 0.039986 -0.809077 0.809571 0.006638 0.586995
0.088460 -0.995849 0.021436 0.922277 0.073757 -0.379426 0.376270 0.053334 0.924974
-0.245074 -1.374006 0.108492
0.000000 0.000000 0.000000
0
1
1.000000 1.000000 1.000000
1.000000 1.000000 1.000000
0.000000 0.000000 0.000000
0.046035 0.921845 0.384815 -0.995219 0.075539 -0.061903 -0.086134 -0.380123 0.920916
0.088463 -0.995849 0.021433 0.922266 0.073753 -0.379426 0.376271 0.053334 0.924982
0.088460 -0.995849 0.021436 0.922277 0.073757 -0.379426 0.376270 0.053334 0.924974
-0.263126 -1.453670 0.301492
0.000000 0.000000 0.000000
1
1
1.000000 1.000000 1.000000
1.000000 1.000000 1.000000
0.000000 0.000000 0.000000
0.450366 0.860098 0.239585 -0.360065 -0.070589 0.930253 0.817021 -0.505221 0.277900
0.556490 -0.827969 -0.069119 -0.123272 -0.000003 -0.992374 0.821655 0.560781 -0.102050
0.450366 -0.360065 0.817021 0.860098 -0.070589 -0.505221 0.239585 0.930253 0.277900
-0.012511 0.552545 -0.018472
0.000000 0.000000 0.000000
0
1
1.000000 1.000000 1.000000
1.000000 1.000000 1.000000
0.000000 0.000000 0.000000
0.450366 0.860098 0.239585 -0.360065 -0.070589 0.930253 0.817021 -0.505221 0.277900
0.450356 -0.360068 0.817021 0.860091 -0.070586 -0.505224 0.239582 0.930256 0.277896
0.450366 -0.360065 0.817021 0.860098 -0.070589 -0.505221 0.239585 0.930253 0.277900
0.222653 0.407127 0.061516
0.000000 0.000000 0.000000
1
1
1.000000 1.000000 1.000000
1.000000 1.000000 1.000000
0.000000 0.000000 0.000000
0.165839 0.028891 0.980354 -0.964027 -0.178182 0.168328 0.181463 -0.983396 -0.001716
0.999947 -0.000667 -0.010103 -0.010128 -0.065796 -0.997781 -0.000001 0.997833 -0.065799
-0.014972 -0.999783 -0.014498 0.196195 0.011281 -0.980500 0.980451 -0.017524 0.195984
0.222653 0.407127 0.061516
0.000000 0.000000 0.000000
0
1
1.000000 1.000000 1.000000
1.000000 1.000000 1.000000
0.000000 0.000000 0.000000
0.165839 0.028891 0.980354 -0.964027 -0.178182 0.168328 0.181463 -0.983396 -0.001716
-0.014971 -0.999782 -0.014499 0.196196 0.011281 -0.980500 0.980450 -0.017525 0.195983
-0.014972 -0.999783 -0.014498 0.196195 0.011281 -0.980500 0.980451 -0.017524 0.195984
0.386779 -0.482317 0.059964
0.000000 0.000000 0.000000
1
1
1.000000 1.000000 1.000000
1.000000 1.000000 1.000000
0.000000 0.000000 0.000000
-0.165839 -0.028890 -0.980354 0.964027 0.178182 -0.168328 0.181463 -0.983396 -0.001717
-0.014971 -0.999782 -0.014499 0.196196 0.011281 -0.980500 0.980450 -0.017525 0.195983
0.020474 0.999783 -0.003896 0.374405 -0.011281 -0.927197 -0.927039 0.017524 -0.374555
0.386779 -0.482317 0.059964
0.000000 0.000000 0.000000
0
1
1.000000 1.000000 1.000000
1.000000 1.000000 1.000000
0.000000 0.000000 0.000000
-0.165839 -0.028890 -0.980354 0.964027 0.178182 -0.168328 0.181463 -0.983396 -0.001717
0.020473 0.999783 -0.003896 0.374406 -0.011282 -0.927197 -0.927040 0.017525 -0.374553
0.020474 0.999783 -0.003896 0.374405 -0.011281 -0.927197 -0.927039 0.017524 -0.374555
0.523272 -1.222009 0.058673
0.000000 0.000000 0.000000
1
1
1.000000 1.000000 1.000000
1.000000 1.000000 1.000000
0.000000 0.000000 0.000000
0.022404 0.725837 0.687502 -0.949046 -0.200776 0.242900 0.314339 -0.657913 0.684354
0.999949 -0.000665 -0.010104 -0.010127 -0.065797 -0.997781 0.000000 0.997833 -0.065797
0.029764 -0.998257 0.050964 0.662841 -0.018452 -0.748533 0.748169 0.056061 0.661136
0.523272 -1.222009 0.058673
0.000000 0.000000 0.000000
0
1
1.000000 1.000000 1.000000
1.000000 1.000000 1.000000
0.000000 0.000000 0.000000
0.022404 0.725837 0.687502 -0.949046 -0.200776 0.242900 0.314339 -0.657913 0.684354
0.029761 -0.998260 0.050956 0.662849 -0.018455 -0.748533 0.748177 0.056069 0.661135
0.029764 -0.998257 0.050964 0.662841 -0.018452 -0.748533 0.748169 0.056061 0.661136
0.590342 -1.362386 0.204692
0.000000 0.000000 0.000000
1
1
1.000000 1.000000 1.000000
1.000000 1.000000 1.000000
0.000000 0.000000 0.000000
-0.050670 0.829446 0.556286 -0.949290 -0.213054 0.231208 0.310293 -0.516361 0.798179
0.029761 -0.998260 0.050956 0.662849 -0.018455 -0.748533 0.748177 0.056069 0.661135
0.003401 -0.998618 0.052445 0.786934 -0.029687 -0.616322 0.617027 0.043367 0.785746
0.590342 -1.362386 0.204692
0.000000 0.000000 0.000000
0
1
1.000000 1.000000 1.000000
1.000000 1.000000 1.000000
0.000000 0.000000 0.000000
-0.050670 0.829446 0.556286 -0.949290 -0.213054 0.231208 0.310293 -0.516361 0.798179
0.003394 -0.998618 0.052448 0.786925 -0.029679 -0.616323 0.617021 0.043367 0.785746
0.003401 -0.998618 0.052445 0.786934 -0.029687 -0.616322 0.617027 0.043367 0.785746
0.661676 -1.481094 0.388188
0.000000 0.000000 0.000000
1
1
1.000000 1.000000 1.000000
1.000000 1.000000 1.000000
0.000000 0.000000 0.000000
-1.000000 -0.000000 0.000000 0.000000 -0.062378 0.998053 0.000000 0.998053 0.062378
0.556490 -0.827969 -0.069119 -0.123272 -0.000003 -0.992374 0.821655 0.560781 -0.102050
-1.000000 0.000000 0.000000 -0.000000 -0.062378 0.998053 0.000000 0.998053 0.062378
0.000000 0.732163 0.000000
0.000000 0.000000 0.000000
0
1
1.000000 1.000000 1.000000
1.000000 1.000000 1.000000
0.000000 0.000000 0.000000
-1.000000 -0.000000 0.000000 0.000000 -0.062378 0.998053 0.000000 0.998053 0.062378
-1.000000 0.000000 0.000000 0.000000 -0.062378 0.998061 0.000000 0.998061 0.062378
-1.000000 0.000000 0.000000 -0.000000 -0.062378 0.998053 0.000000 0.998053 0.062378
0.000000 0.971331 0.014948
0.000000 0.000000 0.000000
1
1
1.000000 1.000000 1.000000
1.000000 1.000000 1.000000
0.000000 0.000000 0.000000
0.000000 -0.088927 0.996038 1.000000 0.000000 -0.000000 0.000000 0.996038 0.088932
-1.000000 0.000000 0.000000 0.000000 -0.062378 0.998061 0.000000 0.998061 0.062378
0.000000 1.000000 0.000000 -0.088927 0.000000 0.996038 0.996038 -0.000000 0.088932
0.000000 0.971331 0.014948
0.000000 0.000000 0.000000
0
1
1.000000 1.000000 1.000000
1.000000 1.000000 1.000000
0.000000 0.000000 0.000000
0.000000 -0.088927 0.996038 1.000000 0.000000 -0.000000 0.000000 0.996038 0.088932
0.000000 1.000000 0.000000 -0.088868 0.000000 0.996040 0.996042 0.000000 0.088991
0.000000 1.000000 0.000000 -0.088927 0.000000 0.996038 0.996038 -0.000000 0.088932
0.000000 1.250360 0.039861
0.000000 0.000000 0.000000
1
1
1.000000 1.000000 1.000000
1.000000 1.000000 1.000000
0.000000 0.000000 0.000000
0.000000 -0.097888 -0.995197 -1.000000 0.000000 -0.000000 0.000000 0.995197 -0.097888
0.000000 1.000000 0.000000 -0.088868 0.000000 0.996040 0.996042 0.000000 0.088991
0.000000 -1.000000 0.000000 -0.097888 0.000000 0.995197 -0.995197 -0.000000 -0.097888
0.000000 1.250360 0.039861
0.000000 0.000000 0.000000
0
1
1.000000 1.000000 1.000000
1.000000 1.000000 1.000000
0.000000 0.000000 0.000000
0.000000 -0.097888 -0.995197 -1.000000 0.000000 -0.000000 0.000000 0.995197 -0.097888
0.000000 -1.000000 0.000000 -0.097887 0.000000 0.995187 -0.995188 0.000000 -0.097889
0.000000 -1.000000 0.000000 -0.097888 0.000000 0.995197 -0.995197 -0.000000 -0.097888
0.000000 1.554302 0.009965
0.000000 0.000000 0.000000
1
1
1.000000 1.000000 1.000000
1.000000 1.000000 1.000000
0.000000 0.000000 0.000000
0.000000 -0.267644 0.963518 1.000000 0.000000 -0.000000 0.000000 0.963518 0.267644
0.000000 -1.000000 0.000000 -0.097887 0.000000 0.995187 -0.995188 0.000000 -0.097889
0.000000 1.000000 0.000000 -0.267644 0.000000 0.963518 0.963518 -0.000000 0.267644
0.000000 1.554302 0.009965
0.000000 0.000000 0.000000
0
1
1.000000 1.000000 1.000000
1.000000 1.000000 1.000000
0.000000 0.000000 0.000000
0.000000 -0.267644 0.963518 1.000000 0.000000 -0.000000 0.000000 0.963518 0.267644
0.000000 1.000000 0.000000 -0.267644 0.000000 0.963521 0.963521 0.000000 0.267644
0.000000 1.000000 0.000000 -0.267644 0.000000 0.963518 0.963518 -0.000000 0.267644
0.000000 1.733678 0.059792
0.000000 0.000000 0.000000
1
1
1.000000 1.000000 1.000000
1.000000 1.000000 1.000000
0.000000 0.000000 0.000000
0.000000 0.094176 -0.995556 -1.000000 0.000000 0.000000 0.000000 0.995556 0.094174
0.000000 1.000000 0.000000 -0.267644 0.000000 0.963521 0.963521 0.000000 0.267644
0.000000 -1.000000 0.000000 0.094176 0.000000 0.995556 -0.995556 0.000000 0.094174
0.000000 1.733678 0.059792
0.000000 0.000000 0.000000
0
1
1.000000 1.000000 1.000000
1.000000 1.000000 1.000000
0.000000 0.000000 0.000000
0.000000 0.094176 -0.995556 -1.000000 0.000000 0.000000 0.000000 0.995556 0.094174
0.000000 -1.000000 0.000000 0.094199 0.000000 0.995564 -0.995564 0.000000 0.094151
0.000000 -1.000000 0.000000 0.094176 0.000000 0.995556 -0.995556 0.000000 0.094174
0.000000 2.102395 0.094671
0.000000 0.000000 0.000000
1
1
1.000000 1.000000 1.000000
1.000000 1.000000 1.000000
0.000000 0.000000 0.000000
0.350870 -0.930570 0.104544 -0.036884 0.097822 0.994520 -0.935697 -0.352804 0.000000
0.000000 -1.000000 0.000000 -0.097887 0.000000 0.995187 -0.995188 0.000000 -0.097889
0.350870 -0.036884 -0.935697 -0.930570 0.097822 -0.352804 0.104544 0.994520 0.000000
0.000000 1.554302 0.009965
0.000000 0.000000 0.000000
0
1
1.000000 1.000000 1.000000
1.000000 1.000000 1.000000
0.000000 0.000000 0.000000
0.350870 -0.930570 0.104544 -0.036884 0.097822 0.994520 -0.935697 -0.352804 0.000000
0.350862 -0.036888 -0.935689 -0.930571 0.097826 -0.352811 0.104536 0.994516 0.000003
0.350870 -0.036884 -0.935697 -0.930570 0.097822 -0.352804 0.104544 0.994520 0.000000
-0.303942 1.439701 0.009965
0.000000 0.000000 0.000000
1
1
1.000000 1.000000 1.000000
1.000000 1.000000 1.000000
0.000000 0.000000 0.000000
-0.682988 0.389217 -0.618090 0.654326 -0.050062 -0.754553 -0.324629 -0.919784 -0.220483
0.984976 -0.064011 -0.160387 -0.164448 -0.064215 -0.984294 0.052704 0.995878 -0.073778
-0.682988 0.654326 -0.324630 0.389220 -0.050062 -0.919783 -0.618090 -0.754553 -0.220485
-0.303942 1.439701 0.009965
0.000000 0.000000 0.000000
0
1
1.000000 1.000000 1.000000
1.000000 1.000000 1.000000
0.000000 0.000000 0.000000
-0.682988 0.389217 -0.618090 0.654326 -0.050062 -0.754553 -0.324629 -0.919784 -0.220483
-0.682987 0.654328 -0.324632 0.389218 -0.050063 -0.919784 -0.618089 -0.754551 -0.220486
-0.682988 0.654326 -0.324630 0.389220 -0.050062 -0.919783 -0.618090 -0.754553 -0.220485
-0.513213 0.846765 -0.132169
0.000000 0.000000 0.000000
1
1
1.000000 1.000000 1.000000
1.000000 1.000000 1.000000
0.000000 0.000000 0.000000
0.756212 0.043315 0.652891 -0.654326 0.050062 0.754553 -0.000002 -0.997806 0.066200
-0.682987 0.654328 -0.324632 0.389218 -0.050063 -0.919784 -0.618089 -0.754551 -0.220486
0.756212 -0.654326 0.000000 0.043317 0.050062 -0.997806 0.652891 0.754553 0.066201
-0.513213 0.846765 -0.132169
0.000000 0.000000 0.000000
0
1
1.000000 1.000000 1.000000
1.000000 1.000000 1.000000
0.000000 0.000000 0.000000
0.756212 0.043315 0.652891 -0.654326 0.050062 0.754553 -0.000002 -0.997806 0.066200
0.756213 -0.654326 0.000000 0.043316 0.050061 -0.997805 0.652892 0.754554 0.066203
0.756212 -0.654326 0.000000 0.043317 0.050062 -0.997806 0.652891 0.754553 0.066201
-0.513214 0.155399 -0.086300
0.000000 0.000000 0.000000
1
1
1.000000 1.000000 1.000000
1.000000 1.000000 1.000000
0.000000 0.000000 0.000000
0.045043 0.375345 -0.925790 0.998747 0.003313 0.049936 0.021810 -0.926879 -0.374726
0.984980 -0.064010 -0.160386 -0.164449 -0.064218 -0.984291 0.052707 0.995880 -0.073776
0.045043 0.998747 0.021810 0.375345 0.003313 -0.926879 -0.925790 0.049936 -0.374726
-0.513214 0.155399 -0.086300
0.000000 0.000000 0.000000
0
1
1.000000 1.000000 1.000000
1.000000 1.000000 1.000000
0.000000 0.000000 0.000000
0.045043 0.375345 -0.925790 0.998747 0.003313 0.049936 0.021810 -0.926879 -0.374726
0.045042 0.998748 0.021807 0.375338 0.003316 -0.926876 -0.925791 0.049939 -0.374733
0.045043 0.998747 0.021810 0.375345 0.003313 -0.926879 -0.925790 0.049936 -0.374726
-0.508231 -0.056349 -0.171907
0.000000 0.000000 0.000000
1
1
1.000000 1.000000 1.000000
1.000000 1.000000 1.000000
0.000000 0.000000 0.000000
-0.314542 -0.943625 0.103128 -0.032612 -0.097836 -0.994668 0.948683 -0.316228 0.000000
0.000000 -1.000000 0.000000 -0.097887 0.000000 0.995187 -0.995188 0.000000 -0.097889
-0.314542 -0.032612 0.948683 -0.943625 -0.097836 -0.316228 0.103128 -0.994668 0.000000
0.000000 1.554302 0.009965
0.000000 0.000000 0.000000
0
1
1.000000 1.000000 1.000000
1.000000 1.000000 1.000000
0.000000 0.000000 0.000000
-0.314542 -0.943625 0.103128 -0.032612 -0.097836 -0.994668 0.948683 -0.316228 0.000000
-0.314542 -0.032612 0.948680 -0.943626 -0.097839 -0.316228 0.103125 -0.994667 -0.000000
-0.314542 -0.032612 0.948683 -0.943625 -0.097836 -0.316228 0.103128 -0.994668 0.000000
0.284012 1.459632 0.009965
0.000000 0.000000 0.000000
1
1
1.000000 1.000000 1.000000
1.000000 1.000000 1.000000
0.000000 0.000000 0.000000
0.661770 0.387978 -0.641508 0.673751 0.067520 0.735867 0.328815 -0.919192 -0.216718
-0.981567 -0.063204 0.180362 -0.184374 0.064690 -0.980725 0.050317 -0.995901 -0.075152
0.661770 0.673751 0.328816 0.387980 0.067520 -0.919191 -0.641508 0.735867 -0.216720
0.284012 1.459632 0.009965
0.000000 0.000000 0.000000
0
1
