Bones
14
Bone 0
1062738152
0
-0.518347 -0.855171 0.000000 0.000000 0.000000 1.000000 -0.855171 0.518347 0.000000
-0.518347 -0.855171 0.000000 0.000000 0.000000 1.000000 -0.855171 0.518347 0.000000
1063144528 1063145608 1062808600
0 0.000000
Bone 1
1062738832
1062738152
-0.341419 -0.939911 0.000000 0.000000 0.000000 1.000000 -0.939911 0.341419 0.000000
0.980758 0.000000 -0.195228 0.000000 1.000000 0.000000 0.195228 0.000000 0.980758
1063146688 1063147048 1062808600
0 0.000000
Bone 2
1062738968
1062738832
0.072998 -0.997332 0.000000 0.000000 0.000000 1.000000 -0.997332 -0.072998 0.000000
0.912481 0.000000 -0.409120 0.000000 1.000000 0.000000 0.409120 0.000000 0.912481
1063644296 1063639616 1062808600
0 0.000000
Bone 3
1062735296
1062738968
0.516958 -0.856011 0.000000 0.000000 0.000000 1.000000 -0.856011 -0.516958 0.000000
0.891464 0.000000 -0.453092 0.000000 1.000000 0.000000 0.453092 0.000000 0.891464
1063646096 1063643936 1062808600
0 0.000000
Bone 4
1062737608
1062735296
0.721872 -0.692027 0.000000 0.000000 0.000000 1.000000 -0.692027 -0.721872 0.000000
0.965560 0.000000 -0.260181 0.000000 1.000000 0.000000 0.260181 0.000000 0.965560
1063641776 1063646816 1062808600
0 0.000000
Bone 5
1062736248
1062737608
-0.700734 0.713423 0.000000 -0.000000 0.000000 -1.000000 -0.713421 -0.700736 0.000000
-0.999548 0.000000 -0.030074 -0.000000 -1.000000 0.000000 -0.030071 0.000000 0.999548
1063647176 1063642136 1062808600
0 0.000000
Bone 6
1062735976
1062736248
-0.520001 0.854166 0.000000 -0.000000 0.000000 -1.000000 -0.854166 -0.520001 0.000000
0.973764 0.000000 -0.227564 0.000000 1.000000 0.000000 0.227562 0.000000 0.973763
1063645376 1063642496 1062808600
0 0.000000
Bone 7
1062741280
1062735976
-0.409594 0.912268 0.000000 -0.000000 0.000000 -1.000000 -0.912268 -0.409594 0.000000
0.992217 0.000000 -0.124519 0.000000 1.000000 0.000000 0.124519 0.000000 0.992217
1063643216 1063645736 1062808600
0 0.844323
Bone 8
1062740328
1062741280
-0.161253 0.986913 0.000000 -0.000000 0.000000 -1.000000 -0.986913 -0.161253 0.000000
0.966377 0.000000 -0.257128 0.000000 1.000000 0.000000 0.257128 0.000000 0.966377
1063646456 1063639976 1062808600
0 0.000000
Bone 9
1062740192
1062740328
0.034276 0.999412 0.000000 0.000000 0.000000 -1.000000 -0.999412 0.034277 0.000000
0.980806 0.000000 -0.194986 0.000000 1.000000 -0.000000 0.194986 0.000000 0.980806
1063644656 1063640336 1062808600
0 0.844259
Bone 10
1062736928
1062740192
0.277465 0.960736 0.000000 0.000000 0.000000 -1.000000 -0.960735 0.277466 0.000000
0.969682 0.000000 -0.244371 0.000000 1.000000 0.000000 0.244372 0.000000 0.969681
1063643576 1063645016 1062808600
0 0.000000
Bone 11
1062738016
1062736928
0.508548 0.861033 0.000000 0.000000 0.000000 -1.000000 -0.861033 0.508548 0.000000
0.968330 0.000000 -0.249673 0.000000 1.000000 0.000000 0.249674 0.000000 0.968330
1063642856 1063640696 1062808600
0 0.000000
Bone 12
1062738424
1062738016
0.687823 0.725879 0.000000 0.000000 0.000000 -1.000000 -0.725878 0.687823 0.000000
0.974797 0.000000 -0.223094 0.000000 1.000000 0.000000 0.223095 0.000000 0.974797
1063641056 1063641416 1062808600
0 0.000000
Bone 13
1062739104
1062738424
0.757241 0.653136 0.000000 0.000000 0.000000 -1.000000 -0.653139 0.757238 0.000000
0.994945 0.000000 -0.100422 0.000000 1.000000 0.000000 0.100419 0.000000 0.994945
1063713040 1063711240 1062808600
0 0.000000

