Transformers
30
Object 6
1063144168
0 0 0 0 1 0
785131456 1062730984 0 0
1.000000 1.000000 1.000000
1.000000 1.000000 1.000000
0.000000 0.000000 0.000000
0.000000 0.000000 0.000000
1.000000 0.000000 0.000000 0.000000 1.000000 0.000000 0.000000 0.000000 1.000000
1.000000 0.000000 0.000000 0.000000 1.000000 0.000000 0.000000 0.000000 1.000000
1.000000 0.000000 0.000000 0.000000 1.000000 0.000000 0.000000 0.000000 1.000000
1.000000 0.000000 0.000000 0.000000 1.000000 0.000000 0.000000 0.000000 1.000000
0.000000 0.000000 0.000000
0.000000 0.000000 0.000000
0.000000 0.000000 0.000000
0.000000 0.000000 0.000000
Locator 7
1063146328
0 1 0 1 1 0
785131456 0 1062808600 0
1.000000 1.000000 1.000000
1.000000 1.000000 1.000000
0.000000 0.000000 0.000000
0.000000 0.000000 0.000000
1.000000 0.000000 0.000000 0.000000 1.000000 0.000000 0.000000 0.000000 1.000000
1.000000 0.000000 0.000000 0.000000 1.000000 0.000000 0.000000 0.000000 1.000000
1.000000 0.000000 0.000000 0.000000 1.000000 0.000000 0.000000 0.000000 1.000000
1.000000 0.000000 0.000000 0.000000 1.000000 0.000000 0.000000 0.000000 1.000000
1.393016 0.817158 0.000000
0.000000 0.000000 0.000000
1.393016 0.817158 0.000000
0.000000 0.000000 0.000000
1063144528
Locator 8
1063144528
0 1 0 1 1 1
1063146328 0 1062808600 1062738152
1.000000 1.000000 1.000000
1.000000 1.000000 1.000000
0.000000 0.000000 0.000000
0.000000 0.000000 0.000000
-0.518347 -0.855171 0.000000 0.000000 0.000000 1.000000 -0.855171 0.518347 0.000000
-0.518347 -0.855171 0.000000 0.000000 0.000000 1.000000 -0.855171 0.518347 0.000000
1.000000 0.000000 0.000000 0.000000 1.000000 0.000000 0.000000 0.000000 1.000000
-0.518347 0.000000 -0.855171 -0.855171 0.000000 0.518347 0.000000 1.000000 0.000000
0.987484 1.386310 0.000000
1.393016 0.817158 0.000000
0.987484 1.386310 0.000000
0.000000 0.000000 0.000000
1063145608
1062775720
Locator 9
1063145608
1 1 0 1 1 0
1063144528 0 1062808600 1062738152
1.000000 1.000000 1.000000
1.000000 1.000000 1.000000
0.000000 0.000000 0.000000
0.000000 0.000000 0.000000
-0.518347 -0.855171 0.000000 0.000000 0.000000 1.000000 -0.855171 0.518347 0.000000
-0.518347 -0.855171 0.000000 0.000000 0.000000 1.000000 -0.855171 0.518347 0.000000
-0.518347 0.000000 -0.855171 -0.855171 0.000000 0.518347 0.000000 1.000000 0.000000
-0.518347 0.000000 -0.855171 -0.855171 0.000000 0.518347 0.000000 1.000000 0.000000
0.246822 1.835249 0.000000
1.393016 0.817158 1.533059
0.246822 1.835249 0.000000
0.000000 0.000000 0.000000
1063146688
Locator 10
1063146688
0 1 0 1 1 1
1063145608 0 1062808600 1062738832
1.000000 1.000000 1.000000
1.000000 1.000000 1.000000
0.000000 0.000000 0.000000
0.000000 0.000000 0.000000
-0.341419 -0.939911 0.000000 0.000000 0.000000 1.000000 -0.939911 0.341419 0.000000
-0.341419 -0.939911 0.000000 0.000000 0.000000 1.000000 -0.939911 0.341419 0.000000
-0.518347 0.000000 -0.855171 -0.855171 0.000000 0.518347 0.000000 1.000000 0.000000
-0.341419 0.000000 -0.939911 -0.939911 0.000000 0.341419 0.000000 1.000000 0.000000
0.246822 1.835249 0.000000
1.393016 0.817158 1.533059
0.246822 1.835249 0.000000
0.000000 0.000000 0.000000
1063147048
1062775272
Locator 11
1063147048
1 1 0 1 1 0
1063146688 0 1062808600 1062738832
1.000000 1.000000 1.000000
1.000000 1.000000 1.000000
0.000000 0.000000 0.000000
0.000000 0.000000 0.000000
-0.341419 -0.939911 0.000000 0.000000 0.000000 1.000000 -0.939911 0.341419 0.000000
-0.341419 -0.939911 0.000000 0.000000 0.000000 1.000000 -0.939911 0.341419 0.000000
-0.341419 0.000000 -0.939911 -0.939911 0.000000 0.341419 0.000000 1.000000 0.000000
-0.341419 0.000000 -0.939911 -0.939911 0.000000 0.341419 0.000000 1.000000 0.000000
-0.954764 2.271721 0.000000
1.864650 0.817158 2.721283
-0.954764 2.271721 0.000000
0.000000 0.000000 0.000000
1063644296
Locator 12
1063644296
0 1 0 1 1 1
1063147048 0 1062808600 1062738968
1.000000 1.000000 1.000000
1.000000 1.000000 1.000000
0.000000 0.000000 0.000000
0.000000 0.000000 0.000000
0.072998 -0.997332 0.000000 0.000000 0.000000 1.000000 -0.997332 -0.072998 0.000000
0.072998 -0.997332 0.000000 0.000000 0.000000 1.000000 -0.997332 -0.072998 0.000000
-0.341419 0.000000 -0.939911 -0.939911 0.000000 0.341419 0.000000 1.000000 0.000000
0.072998 0.000000 -0.997332 -0.997332 0.000000 -0.072998 0.000000 1.000000 0.000000
-0.954764 2.271721 0.000000
1.864650 0.817158 2.721283
-0.954764 2.271721 0.000000
0.000000 0.000000 0.000000
1063639616
1062774888
Locator 13
1063639616
1 1 0 1 1 0
1063644296 0 1062808600 1062738968
1.000000 1.000000 1.000000
1.000000 1.000000 1.000000
0.000000 0.000000 0.000000
0.000000 0.000000 0.000000
0.072998 -0.997332 0.000000 0.000000 0.000000 1.000000 -0.997332 -0.072998 0.000000
0.072998 -0.997332 0.000000 0.000000 0.000000 1.000000 -0.997332 -0.072998 0.000000
0.072998 0.000000 -0.997332 -0.997332 0.000000 -0.072998 0.000000 1.000000 0.000000
0.072998 0.000000 -0.997332 -0.997332 0.000000 -0.072998 0.000000 1.000000 0.000000
-2.050600 2.191513 0.000000
2.652352 0.817158 3.487322
-2.050600 2.191513 0.000000
0.000000 0.000000 0.000000
1063646096
Locator 14
1063646096
0 1 0 1 1 1
1063639616 0 1062808600 1062735296
1.000000 1.000000 1.000000
1.000000 1.000000 1.000000
0.000000 0.000000 0.000000
0.000000 0.000000 0.000000
0.516958 -0.856011 0.000000 0.000000 0.000000 1.000000 -0.856011 -0.516958 0.000000
0.516958 -0.856011 0.000000 0.000000 0.000000 1.000000 -0.856011 -0.516958 0.000000
0.072998 0.000000 -0.997332 -0.997332 0.000000 -0.072998 0.000000 1.000000 0.000000
0.516958 0.000000 -0.856011 -0.856011 0.000000 -0.516958 0.000000 1.000000 0.000000
-2.050600 2.191513 0.000000
2.652352 0.817158 3.487322
-2.050600 2.191513 0.000000
0.000000 0.000000 0.000000
1063643936
1062775400
Locator 15
1063643936
1 1 0 1 1 0
1063646096 0 1062808600 1062735296
1.000000 1.000000 1.000000
1.000000 1.000000 1.000000
0.000000 0.000000 0.000000
0.000000 0.000000 0.000000
0.516958 -0.856011 0.000000 0.000000 0.000000 1.000000 -0.856011 -0.516958 0.000000
0.516958 -0.856011 0.000000 0.000000 0.000000 1.000000 -0.856011 -0.516958 0.000000
0.516958 0.000000 -0.856011 -0.856011 0.000000 -0.516958 0.000000 1.000000 0.000000
0.516958 0.000000 -0.856011 -0.856011 0.000000 -0.516958 0.000000 1.000000 0.000000
-2.857634 1.704133 0.000000
3.552687 0.817158 3.767037
-2.857634 1.704133 0.000000
0.000000 0.000000 0.000000
1063641776
Locator 16
1063641776
0 1 0 1 1 1
1063643936 0 1062808600 1062737608
1.000000 1.000000 1.000000
1.000000 1.000000 1.000000
0.000000 0.000000 0.000000
0.000000 0.000000 0.000000
0.721872 -0.692027 0.000000 0.000000 0.000000 1.000000 -0.692027 -0.721872 0.000000
0.721872 -0.692027 0.000000 0.000000 0.000000 1.000000 -0.692027 -0.721872 0.000000
0.516958 0.000000 -0.856011 -0.856011 0.000000 -0.516958 0.000000 1.000000 0.000000
0.721872 0.000000 -0.692027 -0.692027 0.000000 -0.721872 0.000000 1.000000 0.000000
-2.857634 1.704133 0.000000
3.552687 0.817158 3.767037
-2.857634 1.704133 0.000000
0.000000 0.000000 0.000000
1063646816
1062773928
Locator 17
1063646816
1 1 0 1 1 0
1063641776 0 1062808600 1062737608
1.000000 1.000000 1.000000
1.000000 1.000000 1.000000
0.000000 0.000000 0.000000
0.000000 0.000000 0.000000
0.721872 -0.692027 0.000000 0.000000 0.000000 1.000000 -0.692027 -0.721872 0.000000
0.721872 -0.692027 0.000000 0.000000 0.000000 1.000000 -0.692027 -0.721872 0.000000
0.721872 0.000000 -0.692027 -0.692027 0.000000 -0.721872 0.000000 1.000000 0.000000
0.721872 0.000000 -0.692027 -0.692027 0.000000 -0.721872 0.000000 1.000000 0.000000
-3.761108 0.761695 0.000000
4.857291 0.817158 3.816655
-3.761108 0.761695 0.000000
0.000000 0.000000 0.000000
1063647176
Locator 18
1063647176
0 1 0 1 1 1
1063646816 0 1062808600 1062736248
1.000000 1.000000 1.000000
1.000000 1.000000 1.000000
0.000000 0.000000 0.000000
0.000000 0.000000 0.000000
-0.700734 0.713423 0.000000 -0.000000 0.000000 -1.000000 -0.713421 -0.700736 0.000000
-0.700734 0.713423 0.000000 -0.000000 0.000000 -1.000000 -0.713421 -0.700736 0.000000
0.721872 0.000000 -0.692027 -0.692027 0.000000 -0.721872 0.000000 1.000000 0.000000
-0.700734 -0.000000 -0.713421 0.713423 0.000000 -0.700736 0.000000 -1.000000 0.000000
-3.761108 0.761695 0.000000
4.857291 0.817158 3.816655
-3.761108 0.761695 0.000000
0.000000 0.000000 0.000000
1063642136
1062775208
Locator 19
1063642136
1 1 0 1 1 0
1063647176 0 1062808600 1062736248
1.000000 1.000000 1.000000
1.000000 1.000000 1.000000
0.000000 0.000000 0.000000
0.000000 0.000000 0.000000
-0.700734 0.713423 0.000000 -0.000000 0.000000 -1.000000 -0.713421 -0.700736 0.000000
-0.700734 0.713423 0.000000 -0.000000 0.000000 -1.000000 -0.713421 -0.700736 0.000000
-0.700734 0.000000 -0.713421 0.713423 0.000000 -0.700736 0.000000 -1.000000 0.000000
-0.700734 -0.000000 -0.713421 0.713423 0.000000 -0.700736 0.000000 -1.000000 0.000000
-4.628970 -0.090736 0.000000
6.070952 0.817158 3.899422
-4.628970 -0.090736 0.000000
0.000000 0.000000 0.000000
1063645376
Locator 20
1063645376
0 1 0 1 1 1
1063642136 0 1062808600 1062735976
1.000000 1.000000 1.000000
1.000000 1.000000 1.000000
0.000000 0.000000 0.000000
0.000000 0.000000 0.000000
-0.520001 0.854166 0.000000 -0.000000 0.000000 -1.000000 -0.854166 -0.520001 0.000000
-0.520001 0.854166 0.000000 -0.000000 0.000000 -1.000000 -0.854166 -0.520001 0.000000
-0.700734 0.000000 -0.713421 0.713423 0.000000 -0.700736 0.000000 -1.000000 0.000000
-0.520001 -0.000000 -0.854166 0.854166 0.000000 -0.520001 0.000000 -1.000000 0.000000
-4.628970 -0.090736 0.000000
6.070952 0.817158 3.899422
-4.628970 -0.090736 0.000000
0.000000 0.000000 0.000000
1063642496
1062775016
Locator 21
1063642496
1 1 0 1 1 0
1063645376 0 1062808600 1062735976
1.000000 1.000000 1.000000
1.000000 1.000000 1.000000
0.000000 0.000000 0.000000
0.000000 0.000000 0.000000
-0.520001 0.854166 0.000000 -0.000000 0.000000 -1.000000 -0.854166 -0.520001 0.000000
-0.520001 0.854166 0.000000 -0.000000 0.000000 -1.000000 -0.854166 -0.520001 0.000000
-0.520001 0.000000 -0.854166 0.854166 0.000000 -0.520001 0.000000 -1.000000 0.000000
-0.520001 -0.000000 -0.854166 0.854166 0.000000 -0.520001 0.000000 -1.000000 0.000000
-5.700355 -0.742976 0.000000
7.270098 0.817158 4.267297
-5.700355 -0.742976 0.000000
0.000000 0.000000 0.000000
1063643216
Locator 22
1063643216
0 1 0 1 1 1
1063642496 0 1062808600 1062741280
1.000000 1.000000 1.000000
1.000000 1.000000 1.000000
0.000000 0.000000 0.000000
0.000000 0.000000 0.000000
-0.409594 0.912268 0.000000 -0.000000 0.000000 -1.000000 -0.912268 -0.409594 0.000000
-0.409594 0.912268 0.000000 -0.000000 0.000000 -1.000000 -0.912268 -0.409594 0.000000
-0.520001 0.000000 -0.854166 0.854166 0.000000 -0.520001 0.000000 -1.000000 0.000000
-0.409594 -0.000000 -0.912268 0.912268 0.000000 -0.409594 0.000000 -1.000000 0.000000
-5.700355 -0.742976 0.000000
7.270098 0.817158 4.267297
-5.700355 -0.742976 0.000000
0.000000 0.000000 0.000000
1063645736
1062774184
Locator 23
1063645736
1 1 0 1 1 0
1063643216 0 1062808600 1062741280
1.000000 1.000000 1.000000
1.000000 1.000000 1.000000
0.000000 0.000000 0.000000
0.000000 0.000000 0.000000
-0.409594 0.912268 0.000000 -0.000000 0.000000 -1.000000 -0.912268 -0.409594 0.000000
-0.409594 0.912268 0.000000 -0.000000 0.000000 -1.000000 -0.912268 -0.409594 0.000000
-0.409594 0.000000 -0.912268 0.912268 0.000000 -0.409594 0.000000 -1.000000 0.000000
-0.409594 -0.000000 -0.912268 0.912268 0.000000 -0.409594 0.000000 -1.000000 0.000000
-6.951239 -1.304604 0.000000
8.520701 0.817158 4.829550
-6.951239 -1.304604 0.000000
0.000000 0.000000 0.000000
1063646456
Locator 24
1063646456
0 1 0 1 1 1
1063645736 0 1062808600 1062740328
1.000000 1.000000 1.000000
1.000000 1.000000 1.000000
0.000000 0.000000 0.000000
0.000000 0.000000 0.000000
-0.161253 0.986913 0.000000 -0.000000 0.000000 -1.000000 -0.986913 -0.161253 0.000000
-0.161253 0.986913 0.000000 -0.000000 0.000000 -1.000000 -0.986913 -0.161253 0.000000
-0.409594 0.000000 -0.912268 0.912268 0.000000 -0.409594 0.000000 -1.000000 0.000000
-0.161253 -0.000000 -0.986913 0.986913 0.000000 -0.161253 0.000000 -1.000000 0.000000
-6.951239 -1.304604 0.000000
8.520701 0.817158 4.829550
-6.951239 -1.304604 0.000000
0.000000 0.000000 0.000000
1063639976
1062775080
Locator 25
1063639976
1 1 0 1 1 0
1063646456 0 1062808600 1062740328
1.000000 1.000000 1.000000
1.000000 1.000000 1.000000
0.000000 0.000000 0.000000
0.000000 0.000000 0.000000
-0.161253 0.986913 0.000000 -0.000000 0.000000 -1.000000 -0.986913 -0.161253 0.000000
-0.161253 0.986913 0.000000 -0.000000 0.000000 -1.000000 -0.986913 -0.161253 0.000000
-0.161253 0.000000 -0.986913 0.986913 0.000000 -0.161253 0.000000 -1.000000 0.000000
-0.161253 -0.000000 -0.986913 0.986913 0.000000 -0.161253 0.000000 -1.000000 0.000000
-8.257960 -1.518110 0.000000
9.548113 0.817158 5.664734
-8.257960 -1.518110 0.000000
0.000000 0.000000 0.000000
1063644656
Locator 26
1063644656
0 1 0 1 1 1
1063639976 0 1062808600 1062740192
1.000000 1.000000 1.000000
1.000000 1.000000 1.000000
0.000000 0.000000 0.000000
0.000000 0.000000 0.000000
0.034276 0.999412 0.000000 0.000000 0.000000 -1.000000 -0.999412 0.034277 0.000000
0.034276 0.999412 0.000000 0.000000 0.000000 -1.000000 -0.999412 0.034277 0.000000
-0.161253 0.000000 -0.986913 0.986913 0.000000 -0.161253 0.000000 -1.000000 0.000000
0.034276 0.000000 -0.999412 0.999412 0.000000 0.034277 0.000000 -1.000000 0.000000
-8.257960 -1.518110 0.000000
9.548113 0.817158 5.664734
-8.257960 -1.518110 0.000000
0.000000 0.000000 0.000000
1063640336
1062775464
Locator 27
1063640336
1 1 0 1 1 0
1063644656 0 1062808600 1062740192
1.000000 1.000000 1.000000
1.000000 1.000000 1.000000
0.000000 0.000000 0.000000
0.000000 0.000000 0.000000
0.034276 0.999412 0.000000 0.000000 0.000000 -1.000000 -0.999412 0.034277 0.000000
0.034276 0.999412 0.000000 0.000000 0.000000 -1.000000 -0.999412 0.034277 0.000000
0.034276 0.000000 -0.999412 0.999412 0.000000 0.034277 0.000000 -1.000000 0.000000
0.034276 0.000000 -0.999412 0.999412 0.000000 0.034277 0.000000 -1.000000 0.000000
-9.623644 -1.471272 0.000000
10.420032 0.817158 6.716895
-9.623644 -1.471272 0.000000
0.000000 0.000000 0.000000
1063643576
Locator 28
1063643576
0 1 0 1 1 1
1063640336 0 1062808600 1062736928
1.000000 1.000000 1.000000
1.000000 1.000000 1.000000
0.000000 0.000000 0.000000
0.000000 0.000000 0.000000
0.277465 0.960736 0.000000 0.000000 0.000000 -1.000000 -0.960735 0.277466 0.000000
0.277465 0.960736 0.000000 0.000000 0.000000 -1.000000 -0.960735 0.277466 0.000000
0.034276 0.000000 -0.999412 0.999412 0.000000 0.034277 0.000000 -1.000000 0.000000
0.277465 0.000000 -0.960735 0.960736 0.000000 0.277466 0.000000 -1.000000 0.000000
-9.623644 -1.471272 0.000000
10.420032 0.817158 6.716895
-9.623644 -1.471272 0.000000
0.000000 0.000000 0.000000
1063645016
1062775784
Locator 29
1063645016
1 1 0 1 1 0
1063643576 0 1062808600 1062736928
1.000000 1.000000 1.000000
1.000000 1.000000 1.000000
0.000000 0.000000 0.000000
0.000000 0.000000 0.000000
0.277465 0.960736 0.000000 0.000000 0.000000 -1.000000 -0.960735 0.277466 0.000000
0.277465 0.960736 0.000000 0.000000 0.000000 -1.000000 -0.960735 0.277466 0.000000
0.277465 0.000000 -0.960735 0.960736 0.000000 0.277466 0.000000 -1.000000 0.000000
0.277465 0.000000 -0.960735 0.960736 0.000000 0.277466 0.000000 -1.000000 0.000000
-10.925825 -1.095194 0.000000
11.003625 0.817158 7.940222
-10.925825 -1.095194 0.000000
0.000000 0.000000 0.000000
1063642856
Locator 30
1063642856
0 1 0 1 1 1
1063645016 0 1062808600 1062738016
1.000000 1.000000 1.000000
1.000000 1.000000 1.000000
0.000000 0.000000 0.000000
0.000000 0.000000 0.000000
0.508548 0.861033 0.000000 0.000000 0.000000 -1.000000 -0.861033 0.508548 0.000000
0.508548 0.861033 0.000000 0.000000 0.000000 -1.000000 -0.861033 0.508548 0.000000
0.277465 0.000000 -0.960735 0.960736 0.000000 0.277466 0.000000 -1.000000 0.000000
0.508548 0.000000 -0.861033 0.861033 0.000000 0.508548 0.000000 -1.000000 0.000000
-10.925825 -1.095194 0.000000
11.003625 0.817158 7.940222
-10.925825 -1.095194 0.000000
0.000000 0.000000 0.000000
1063640696
1062774312
Locator 31
1063640696
1 1 0 1 1 0
1063642856 0 1062808600 1062738016
1.000000 1.000000 1.000000
1.000000 1.000000 1.000000
0.000000 0.000000 0.000000
0.000000 0.000000 0.000000
0.508548 0.861033 0.000000 0.000000 0.000000 -1.000000 -0.861033 0.508548 0.000000
0.508548 0.861033 0.000000 0.000000 0.000000 -1.000000 -0.861033 0.508548 0.000000
0.508548 0.000000 -0.861033 0.861033 0.000000 0.508548 0.000000 -1.000000 0.000000
0.508548 0.000000 -0.861033 0.861033 0.000000 0.508548 0.000000 -1.000000 0.000000
-12.045775 -0.433723 0.000000
11.252824 0.817158 9.216832
-12.045775 -0.433723 0.000000
0.000000 0.000000 0.000000
1063641056
Locator 32
1063641056
0 1 0 1 1 1
1063640696 0 1062808600 1062738424
1.000000 1.000000 1.000000
1.000000 1.000000 1.000000
0.000000 0.000000 0.000000
0.000000 0.000000 0.000000
0.687823 0.725879 0.000000 0.000000 0.000000 -1.000000 -0.725878 0.687823 0.000000
0.687823 0.725879 0.000000 0.000000 0.000000 -1.000000 -0.725878 0.687823 0.000000
0.508548 0.000000 -0.861033 0.861033 0.000000 0.508548 0.000000 -1.000000 0.000000
0.687823 0.000000 -0.725878 0.725879 0.000000 0.687823 0.000000 -1.000000 0.000000
-12.045775 -0.433723 0.000000
11.252824 0.817158 9.216832
-12.045775 -0.433723 0.000000
0.000000 0.000000 0.000000
1063641416
1062775144
Locator 33
1063641416
1 1 0 1 1 0
1063641056 0 1062808600 1062738424
1.000000 1.000000 1.000000
1.000000 1.000000 1.000000
0.000000 0.000000 0.000000
0.000000 0.000000 0.000000
0.687823 0.725879 0.000000 0.000000 0.000000 -1.000000 -0.725878 0.687823 0.000000
0.687823 0.725879 0.000000 0.000000 0.000000 -1.000000 -0.725878 0.687823 0.000000
0.687823 0.000000 -0.725878 0.725879 0.000000 0.687823 0.000000 -1.000000 0.000000
0.687823 0.000000 -0.725878 0.725879 0.000000 0.687823 0.000000 -1.000000 0.000000
-12.854576 0.332675 0.000000
11.216943 0.817158 10.330491
-12.854576 0.332675 0.000000
0.000000 0.000000 0.000000
1063713040
Locator 34
1063713040
0 1 0 1 1 1
1063641416 0 1062808600 1062739104
1.000000 1.000000 1.000000
1.000000 1.000000 1.000000
0.000000 0.000000 0.000000
0.000000 0.000000 0.000000
0.757241 0.653136 0.000000 0.000000 0.000000 -1.000000 -0.653139 0.757238 0.000000
0.757241 0.653136 0.000000 0.000000 0.000000 -1.000000 -0.653139 0.757238 0.000000
0.687823 0.000000 -0.725878 0.725879 0.000000 0.687823 0.000000 -1.000000 0.000000
0.757241 0.000000 -0.653139 0.653136 0.000000 0.757238 0.000000 -1.000000 0.000000
-12.854576 0.332675 0.000000
11.216943 0.817158 10.330491
-12.854576 0.332675 0.000000
0.000000 0.000000 0.000000
1063711240
1062774376
Locator 35
1063711240
1 0 0 1 1 0
1063713040 0 1062808600 1062739104
1.000000 1.000000 1.000000
1.000000 1.000000 1.000000
0.000000 0.000000 0.000000
0.000000 0.000000 0.000000
0.757241 0.653136 0.000000 0.000000 0.000000 -1.000000 -0.653139 0.757238 0.000000
0.757241 0.653136 0.000000 0.000000 0.000000 -1.000000 -0.653139 0.757238 0.000000
0.757241 0.000000 -0.653139 0.653136 0.000000 0.757238 0.000000 -1.000000 0.000000
0.757241 0.000000 -0.653139 0.653136 0.000000 0.757238 0.000000 -1.000000 0.000000
-13.619793 1.219855 0.000000
11.061815 0.817158 11.491776
-13.619793 1.219855 0.000000
0.000000 0.000000 0.000000

