Bones
12
Bone 0
803242760
0
-0.303427 -0.566296 -0.766316 -0.248086 -0.729544 0.637353 -0.828533 0.559901 0.006600
-0.560730 -0.827999 0.000000 0.000000 0.000000 1.000000 -0.827999 0.560730 0.000000
1062804720 1062805080 855182616
0 1.625787
0
Bone 1
803244120
803242760
-0.059346 -0.645240 -0.761673 -0.248086 -0.729544 0.637353 -0.943551 0.331099 -0.009172
0.967086 0.000000 -0.254452 0.000000 1.000000 0.000000 0.254451 0.000000 0.967086
1062805440 1062805800 855182616
0 1.487269
0
Bone 2
803244392
803244120
-0.126288 0.987320 0.096178 0.527429 0.148944 -0.836442 -0.840161 -0.054905 -0.539551
-0.988646 0.000000 -0.150265 0.000000 -1.000000 -0.000000 -0.150265 0.000000 0.988646
1063607560 1063607920 855182616
1 1.278334
1062803312
Bone 3
803244800
803244392
0.513101 -0.840534 0.173870 -0.527429 -0.148944 0.836442 -0.677160 -0.520883 -0.519745
-0.877947 0.000000 -0.478758 0.000000 -1.000000 0.000000 -0.478758 -0.000000 0.877947
1063608280 1063608640 855182616
3 1.471044
1062803312
Bone 4
803243712
803244800
0.649841 -0.704921 0.284241 -0.527429 -0.148944 0.836442 -0.547289 -0.693471 -0.468586
0.975364 0.000000 -0.220602 0.000000 1.000000 0.000000 0.220602 0.000000 0.975364
1063609000 1063611920 855182616
3 1.416848
1062803312
Bone 5
803241808
803243712
0.475119 -0.867884 0.145050 -0.527429 -0.148944 0.836442 -0.704330 -0.473913 -0.528513
0.961769 0.000000 0.273862 0.000000 1.000000 0.000000 -0.273862 0.000000 0.961769
1063613000 1063610480 855182616
3 1.302407
1062803312
Bone 6
1063606664
803241808
0.342497 -0.938246 0.048894 -0.527429 -0.148944 0.836442 -0.777505 -0.312266 -0.545871
0.984107 0.000000 0.177578 0.000000 1.000000 0.000000 -0.177578 0.000000 0.984107
1063610120 1063609400 855182616
3 1.458636
1062803312
Bone 7
1063605304
1063606664
-0.157232 0.984619 0.076185 0.527429 0.148944 -0.836442 -0.834923 -0.091333 -0.542735
-0.973940 0.000000 -0.226806 0.000000 -1.000000 -0.000000 -0.226806 0.000000 0.973940
1063609760 1063610840 855182616
3 1.411245
1062803312
Bone 8
1063606528
1063605304
0.041189 0.978873 0.200279 0.527429 0.148944 -0.836442 -0.848600 0.140085 -0.510151
0.972597 0.000000 -0.232496 0.000000 1.000000 0.000000 0.232496 0.000000 0.972597
1063611200 1063611560 855182616
3 1.693913
1062803312
Bone 9
1063604760
1063606528
0.258275 0.909811 0.324867 0.527429 0.148944 -0.836442 -0.809391 0.387376 -0.441392
0.966290 0.000000 -0.257457 0.000000 1.000000 0.000000 0.257457 0.000000 0.966290
1063612280 1063612640 855182616
2 1.539792
1062803312
Bone 10
1063606800
1063604760
0.732856 0.288929 0.615982 0.502913 0.379739 -0.776452 -0.819985 0.641235 -0.024362
-0.600739 0.000000 -0.799445 0.000000 -1.000000 -0.000000 -0.799448 0.000000 0.600739
1063631568 1063629768 855182616
0 1.508143
0
Bone 11
1063606392
1063606800
0.832850 0.027344 0.552815 0.502913 0.379739 -0.776452 -0.604629 0.847670 -0.005446
0.958791 0.000000 -0.284109 0.000000 1.000000 0.000000 0.284111 0.000000 0.958797
1063633368 1063626888 855182616
0 1.407012
0

