Bones
12
Bone 0
815431936
0
-0.560730 -0.827999 0.000000 0.000000 0.000000 1.000000 -0.827999 0.560730 0.000000
-0.560730 -0.827999 0.000000 0.000000 0.000000 1.000000 -0.827999 0.560730 0.000000
952211232 952213032 852881112
0 1.625787
0
Bone 1
815430576
815431936
0.331588 0.943424 0.000000 -0.000000 0.000000 -1.000000 -0.943424 0.331588 0.000000
-0.844623 0.000000 -0.535362 -0.000000 -1.000000 0.000000 -0.535362 0.000000 0.844622
952211592 952211952 852881112
1 1.487269
952418904
Bone 2
815432072
815430576
-0.149401 0.988777 0.000000 0.000000 0.000000 -1.000000 -0.988777 -0.149401 0.000000
0.883296 0.000000 0.468816 0.000000 1.000000 0.000000 -0.468816 0.000000 0.883296
952213392 952216992 852881112
3 1.278334
952418904
Bone 3
815432344
815432072
0.604551 -0.796566 0.000000 0.000000 0.000000 1.000000 -0.796566 -0.604551 0.000000
-0.877947 0.000000 -0.478758 0.000000 -1.000000 0.000000 -0.478758 -0.000000 0.877947
952217712 952212672 852881112
3 1.471044
952418904
Bone 4
952593440
815432344
0.765382 -0.643576 0.000000 0.000000 0.000000 1.000000 -0.643576 -0.765382 0.000000
0.975364 0.000000 -0.220602 0.000000 1.000000 0.000000 0.220602 0.000000 0.975364
952213752 952216632 852881112
3 1.416848
952418904
Bone 5
952591536
952593440
0.559870 -0.828581 0.000000 0.000000 0.000000 1.000000 -0.828581 -0.559870 0.000000
0.961769 0.000000 0.273862 0.000000 1.000000 0.000000 -0.273862 0.000000 0.961769
952214112 952212312 852881112
3 1.302407
952418904
Bone 6
952593168
952591536
0.403833 -0.914833 0.000000 0.000000 0.000000 1.000000 -0.914833 -0.403833 0.000000
0.984107 0.000000 0.177578 0.000000 1.000000 0.000000 -0.177578 0.000000 0.984107
952218432 952215552 852881112
3 1.458636
952418904
Bone 7
952590720
952593168
-0.185820 0.982584 0.000000 0.000000 0.000000 -1.000000 -0.982584 -0.185820 0.000000
-0.973940 0.000000 -0.226806 0.000000 -1.000000 -0.000000 -0.226806 0.000000 0.973940
952214472 952215192 852881112
3 1.411245
952418904
Bone 8
952591808
952590720
0.047719 0.998861 0.000000 -0.000000 0.000000 -1.000000 -0.998861 0.047719 0.000000
0.972597 0.000000 -0.232496 0.000000 1.000000 0.000000 0.232496 0.000000 0.972597
952216272 952217352 852881112
3 1.693913
952418904
Bone 9
952594120
952591808
0.303274 0.952903 0.000000 -0.000000 0.000000 -1.000000 -0.952903 0.303274 0.000000
0.966290 0.000000 -0.257457 0.000000 1.000000 0.000000 0.257457 0.000000 0.966290
952210872 952610352 852881112
2 1.539792
952418904
Bone 10
952592896
952594120
0.585561 0.810628 0.000000 0.000000 0.000000 -1.000000 -0.810629 0.585564 0.000000
-0.658086 0.000000 -0.752942 0.000000 -1.000000 -0.000000 -0.752946 0.000000 0.658086
952611072 952612512 852881112
0 1.508143
0
Bone 11
952592760
952592896
0.791738 0.610860 0.000000 0.000000 0.000000 -1.000000 -0.610861 0.791741 0.000000
0.958791 0.000000 -0.284108 0.000000 1.000000 0.000000 0.284111 0.000000 0.958797
952613232 952612872 852881112
0 1.407012
0

