Bones
12
Bone 0
811828488
0
-0.560730 -0.827999 0.000000 0.000000 0.000000 1.000000 -0.827999 0.560730 0.000000
-0.560730 -0.827999 0.000000 0.000000 0.000000 1.000000 -0.827999 0.560730 0.000000
1066742200 1066742560 1065883848
0 1.625787
0
Bone 1
811828216
811828488
0.331588 0.943424 0.000000 -0.000000 0.000000 -1.000000 -0.943424 0.331588 0.000000
-0.844623 0.000000 -0.535362 -0.000000 -1.000000 0.000000 -0.535362 0.000000 0.844622
1066743280 1066743640 1065883848
1 1.487269
1066740608
Bone 2
811828760
811828216
-0.149401 0.988777 0.000000 0.000000 0.000000 -1.000000 -0.988777 -0.149401 0.000000
0.883296 0.000000 0.468816 0.000000 1.000000 0.000000 -0.468816 0.000000 0.883296
1066744000 1066744360 1065883848
3 1.278334
1066740608
Bone 3
811829032
811828760
0.604551 -0.796566 0.000000 0.000000 0.000000 1.000000 -0.796566 -0.604551 0.000000
-0.877947 0.000000 -0.478758 0.000000 -1.000000 0.000000 -0.478758 -0.000000 0.877947
1066744720 1066745080 1065883848
3 1.471044
1066740608
Bone 4
811829168
811829032
0.765382 -0.643576 0.000000 0.000000 0.000000 1.000000 -0.643576 -0.765382 0.000000
0.975364 0.000000 -0.220602 0.000000 1.000000 0.000000 0.220602 0.000000 0.975364
1066745440 1066748720 1065883848
3 1.416848
1066740608
Bone 5
811829712
811829168
0.559870 -0.828581 0.000000 0.000000 0.000000 1.000000 -0.828581 -0.559870 0.000000
0.961769 0.000000 0.273862 0.000000 1.000000 0.000000 -0.273862 0.000000 0.961769
1066746920 1066746560 1065883848
3 1.302407
1066740608
Bone 6
1066736672
811829712
0.403833 -0.914833 0.000000 0.000000 0.000000 1.000000 -0.914833 -0.403833 0.000000
0.984107 0.000000 0.177578 0.000000 1.000000 0.000000 -0.177578 0.000000 0.984107
1066749080 1066749440 1065883848
3 1.458636
1066740608
Bone 7
1066736264
1066736672
-0.185820 0.982584 0.000000 0.000000 0.000000 -1.000000 -0.982584 -0.185820 0.000000
-0.973940 0.000000 -0.226806 0.000000 -1.000000 -0.000000 -0.226806 0.000000 0.973940
1066748000 1066748360 1065883848
3 1.411245
1066740608
Bone 8
1066734496
1066736264
0.047719 0.998861 0.000000 -0.000000 0.000000 -1.000000 -0.998861 0.047719 0.000000
0.972597 0.000000 -0.232496 0.000000 1.000000 0.000000 0.232496 0.000000 0.972597
1066745840 1066746200 1065883848
3 1.693913
1066740608
Bone 9
1066736128
1066734496
0.303274 0.952903 0.000000 -0.000000 0.000000 -1.000000 -0.952903 0.303274 0.000000
0.966290 0.000000 -0.257457 0.000000 1.000000 0.000000 0.257457 0.000000 0.966290
1066747280 1066747640 1065883848
2 1.539792
1066740608
Bone 10
1066732728
1066736128
0.585561 0.810628 0.000000 0.000000 0.000000 -1.000000 -0.810629 0.585564 0.000000
-0.658086 0.000000 -0.752942 0.000000 -1.000000 -0.000000 -0.752946 0.000000 0.658086
1066766208 1066767648 1065883848
0 1.508143
0
Bone 11
1066734224
1066732728
0.791738 0.610860 0.000000 0.000000 0.000000 -1.000000 -0.610861 0.791741 0.000000
0.958791 0.000000 -0.284108 0.000000 1.000000 0.000000 0.284111 0.000000 0.958797
1066768728 1066766568 1065883848
0 1.407012
0

