Bones
12
Bone 0
812155216
0
-0.560730 -0.827999 0.000000 0.000000 0.000000 1.000000 -0.827999 0.560730 0.000000
-0.560730 -0.827999 0.000000 0.000000 0.000000 1.000000 -0.827999 0.560730 0.000000
1066025344 1066025704 1065225472
0 1.625787
0
Bone 1
812156984
812155216
0.331588 0.943424 0.000000 -0.000000 0.000000 -1.000000 -0.943424 0.331588 0.000000
-0.844623 0.000000 -0.535362 -0.000000 -1.000000 0.000000 -0.535362 0.000000 0.844622
1066034264 1066034624 1065225472
1 1.487269
1065199464
Bone 2
812157120
812156984
-0.149401 0.988777 0.000000 0.000000 0.000000 -1.000000 -0.988777 -0.149401 0.000000
0.883296 0.000000 0.468816 0.000000 1.000000 0.000000 -0.468816 0.000000 0.883296
1066035344 1066035704 1065225472
3 1.278334
1065199464
Bone 3
812155352
812157120
0.604551 -0.796566 0.000000 0.000000 0.000000 1.000000 -0.796566 -0.604551 0.000000
-0.877947 0.000000 -0.478758 0.000000 -1.000000 0.000000 -0.478758 -0.000000 0.877947
1066036064 1066036424 1065225472
3 1.471044
1065199464
Bone 4
812155488
812155352
0.765382 -0.643576 0.000000 0.000000 0.000000 1.000000 -0.643576 -0.765382 0.000000
0.975364 0.000000 -0.220602 0.000000 1.000000 0.000000 0.220602 0.000000 0.975364
1066036784 1066037184 1065225472
3 1.416848
1065199464
Bone 5
812157256
812155488
0.559870 -0.828581 0.000000 0.000000 0.000000 1.000000 -0.828581 -0.559870 0.000000
0.961769 0.000000 0.273862 0.000000 1.000000 0.000000 -0.273862 0.000000 0.961769
1066040784 1066039704 1065225472
3 1.302407
1065199464
Bone 6
1066015432
812157256
0.403833 -0.914833 0.000000 0.000000 0.000000 1.000000 -0.914833 -0.403833 0.000000
0.984107 0.000000 0.177578 0.000000 1.000000 0.000000 -0.177578 0.000000 0.984107
1066038984 1066037544 1065225472
3 1.458636
1065199464
Bone 7
1066016384
1066015432
-0.185820 0.982584 0.000000 0.000000 0.000000 -1.000000 -0.982584 -0.185820 0.000000
-0.973940 0.000000 -0.226806 0.000000 -1.000000 -0.000000 -0.226806 0.000000 0.973940
1066040064 1066037904 1065225472
3 1.411245
1065199464
Bone 8
1066018696
1066016384
0.047719 0.998861 0.000000 -0.000000 0.000000 -1.000000 -0.998861 0.047719 0.000000
0.972597 0.000000 -0.232496 0.000000 1.000000 0.000000 0.232496 0.000000 0.972597
1066040424 1066039344 1065225472
3 1.693913
1065199464
Bone 9
1066016520
1066018696
0.303274 0.952903 0.000000 -0.000000 0.000000 -1.000000 -0.952903 0.303274 0.000000
0.966290 0.000000 -0.257457 0.000000 1.000000 0.000000 0.257457 0.000000 0.966290
1066038264 1066038624 1065225472
2 1.539792
1065199464
Bone 10
1066015976
1066016520
0.585561 0.810628 0.000000 0.000000 0.000000 -1.000000 -0.810629 0.585564 0.000000
-0.658086 0.000000 -0.752942 0.000000 -1.000000 -0.000000 -0.752946 0.000000 0.658086
1066048992 1066045752 1065225472
0 1.508143
0
Bone 11
1066015024
1066015976
0.791738 0.610860 0.000000 0.000000 0.000000 -1.000000 -0.610861 0.791741 0.000000
0.958791 0.000000 -0.284108 0.000000 1.000000 0.000000 0.284111 0.000000 0.958797
1066046112 1066051152 1065225472
0 1.407012
0

