Bones
12
Bone 0
1870696
0
-0.303427 -0.566296 -0.766316 -0.248086 -0.729544 0.637353 -0.828533 0.559901 0.006600
-0.560730 -0.827999 0.000000 0.000000 0.000000 1.000000 -0.827999 0.560730 0.000000
1063439328 1063447888 1062646464
0 1.625787
0
Bone 1
1870832
1870696
-0.059346 -0.645240 -0.761673 -0.248086 -0.729544 0.637353 -0.943551 0.331099 -0.009172
0.967086 0.000000 -0.254452 0.000000 1.000000 0.000000 0.254451 0.000000 0.967086
1063448248 1063448608 1062646464
0 1.487269
0
Bone 2
1869200
1870832
-0.126288 0.987320 0.096178 0.527429 0.148944 -0.836442 -0.840161 -0.054905 -0.539551
-0.988646 0.000000 -0.150265 0.000000 -1.000000 -0.000000 -0.150265 0.000000 0.988646
1063448968 1063449328 1062646464
1 1.278334
1063532280
Bone 3
1867296
1869200
0.513101 -0.840534 0.173870 -0.527429 -0.148944 0.836442 -0.677160 -0.520883 -0.519745
-0.877947 0.000000 -0.478758 0.000000 -1.000000 0.000000 -0.478758 -0.000000 0.877947
1063449688 1063450048 1062646464
3 1.471044
1063532280
Bone 4
1867568
1867296
0.649841 -0.704921 0.284241 -0.527429 -0.148944 0.836442 -0.547289 -0.693471 -0.468586
0.975364 0.000000 -0.220602 0.000000 1.000000 0.000000 0.220602 0.000000 0.975364
1063450408 1063450768 1062646464
3 1.416848
1063532280
Bone 5
1869336
1867568
0.475119 -0.867884 0.145050 -0.527429 -0.148944 0.836442 -0.704330 -0.473913 -0.528513
0.961769 0.000000 0.273862 0.000000 1.000000 0.000000 -0.273862 0.000000 0.961769
1063454768 1063453688 1062646464
3 1.302407
1063532280
Bone 6
1063433536
1869336
0.342497 -0.938246 0.048894 -0.527429 -0.148944 0.836442 -0.777505 -0.312266 -0.545871
0.984107 0.000000 0.177578 0.000000 1.000000 0.000000 -0.177578 0.000000 0.984107
1063454408 1063452248 1062646464
3 1.458636
1063532280
Bone 7
1063434896
1063433536
-0.157232 0.984619 0.076185 0.527429 0.148944 -0.836442 -0.834923 -0.091333 -0.542735
-0.973940 0.000000 -0.226806 0.000000 -1.000000 -0.000000 -0.226806 0.000000 0.973940
1063451168 1063451888 1062646464
3 1.411245
1063532280
Bone 8
1063430952
1063434896
0.041189 0.978873 0.200279 0.527429 0.148944 -0.836442 -0.848600 0.140085 -0.510151
0.972597 0.000000 -0.232496 0.000000 1.000000 0.000000 0.232496 0.000000 0.972597
1063451528 1063454048 1062646464
3 1.693913
1063532280
Bone 9
1063433944
1063430952
0.258275 0.909811 0.324867 0.527429 0.148944 -0.836442 -0.809391 0.387376 -0.441392
0.966290 0.000000 -0.257457 0.000000 1.000000 0.000000 0.257457 0.000000 0.966290
1063452608 1063452968 1062646464
2 1.539792
1063532280
Bone 10
1063432992
1063433944
0.732856 0.288929 0.615982 0.502913 0.379739 -0.776452 -0.819985 0.641235 -0.024362
-0.600739 0.000000 -0.799445 0.000000 -1.000000 -0.000000 -0.799448 0.000000 0.600739
1063453328 1063460312 1062646464
0 1.508143
0
Bone 11
1063433400
1063432992
0.832850 0.027344 0.552815 0.502913 0.379739 -0.776452 -0.604629 0.847670 -0.005446
0.958791 0.000000 -0.284109 0.000000 1.000000 0.000000 0.284111 0.000000 0.958797
1063459952 1063459232 1062646464
0 1.407012
0

