Bones
12
Bone 0
803373392
0
-0.560730 -0.827999 0.000000 0.000000 0.000000 1.000000 -0.827999 0.560730 0.000000
-0.560730 -0.827999 0.000000 0.000000 0.000000 1.000000 -0.827999 0.560730 0.000000
1063253144 1063254224 803399912
0 1.625787
0
Bone 1
803373528
803373392
0.331588 0.943424 0.000000 -0.000000 0.000000 -1.000000 -0.943424 0.331588 0.000000
-0.844623 0.000000 -0.535362 -0.000000 -1.000000 0.000000 -0.535362 0.000000 0.844622
1063253864 1064126328 803399912
1 1.487269
1063263440
Bone 2
803373936
803373528
-0.149401 0.988777 0.000000 0.000000 0.000000 -1.000000 -0.988777 -0.149401 0.000000
0.883296 0.000000 0.468816 0.000000 1.000000 0.000000 -0.468816 0.000000 0.883296
1064128128 1064129928 803399912
3 1.278334
1063263440
Bone 3
803374208
803373936
0.604551 -0.796566 0.000000 0.000000 0.000000 1.000000 -0.796566 -0.604551 0.000000
-0.877947 0.000000 -0.478758 0.000000 -1.000000 0.000000 -0.478758 -0.000000 0.877947
1064126688 1064131008 803399912
3 1.471044
1063263440
Bone 4
803373120
803374208
0.765382 -0.643576 0.000000 0.000000 0.000000 1.000000 -0.643576 -0.765382 0.000000
0.975364 0.000000 -0.220602 0.000000 1.000000 0.000000 0.220602 0.000000 0.975364
1064130288 1064125968 803399912
3 1.416848
1063263440
Bone 5
803373256
803373120
0.559870 -0.828581 0.000000 0.000000 0.000000 1.000000 -0.828581 -0.559870 0.000000
0.961769 0.000000 0.273862 0.000000 1.000000 0.000000 -0.273862 0.000000 0.961769
1064127048 1064123808 803399912
3 1.302407
1063263440
Bone 6
1064113360
803373256
0.403833 -0.914833 0.000000 0.000000 0.000000 1.000000 -0.914833 -0.403833 0.000000
0.984107 0.000000 0.177578 0.000000 1.000000 0.000000 -0.177578 0.000000 0.984107
1064127408 1064127768 803399912
3 1.458636
1063263440
Bone 7
1064113088
1064113360
-0.185820 0.982584 0.000000 0.000000 0.000000 -1.000000 -0.982584 -0.185820 0.000000
-0.973940 0.000000 -0.226806 0.000000 -1.000000 -0.000000 -0.226806 0.000000 0.973940
1064124168 1064128488 803399912
3 1.411245
1063263440
Bone 8
1064112136
1064113088
0.047719 0.998861 0.000000 -0.000000 0.000000 -1.000000 -0.998861 0.047719 0.000000
0.972597 0.000000 -0.232496 0.000000 1.000000 0.000000 0.232496 0.000000 0.972597
1064124888 1064128848 803399912
3 1.693913
1063263440
Bone 9
1064113768
1064112136
0.303274 0.952903 0.000000 -0.000000 0.000000 -1.000000 -0.952903 0.303274 0.000000
0.966290 0.000000 -0.257457 0.000000 1.000000 0.000000 0.257457 0.000000 0.966290
1064129208 1064130648 803399912
2 1.539792
1063263440
Bone 10
1064112272
1064113768
0.585561 0.810628 0.000000 0.000000 0.000000 -1.000000 -0.810629 0.585564 0.000000
-0.658086 0.000000 -0.752942 0.000000 -1.000000 -0.000000 -0.752946 0.000000 0.658086
1064131368 1064124528 803399912
0 1.508143
0
Bone 11
1064111864
1064112272
0.791738 0.610860 0.000000 0.000000 0.000000 -1.000000 -0.610861 0.791741 0.000000
0.958791 0.000000 -0.284108 0.000000 1.000000 0.000000 0.284111 0.000000 0.958797
1064125248 1064125608 803399912
0 1.407012
0

