Transformers
28
Object 6
1064115208
0 0 0 0 1 0 1.000000
785160960 1063243088 0 0 0
1.000000 1.000000 1.000000
1.000000 1.000000 1.000000
0.000000 0.000000 0.000000
0.000000 0.000000 0.000000
1.000000 0.000000 0.000000 0.000000 1.000000 0.000000 0.000000 0.000000 1.000000
1.000000 0.000000 0.000000 0.000000 1.000000 0.000000 0.000000 0.000000 1.000000
1.000000 0.000000 0.000000 0.000000 1.000000 0.000000 0.000000 0.000000 1.000000
1.000000 0.000000 0.000000 0.000000 1.000000 0.000000 0.000000 0.000000 1.000000
0.000000 0.000000 0.000000
0.000000 0.000000 0.000000
0.000000 0.000000 0.000000
0.000000 0.000000 0.000000
Locator 7
1063253504
4 1 0 1 1 0 1.000000
785160960 0 803399912 0 0
1.000000 1.000000 1.000000
1.000000 1.000000 1.000000
0.000000 0.000000 0.000000
0.000000 0.000000 0.000000
1.000000 0.000000 0.000000 0.000000 1.000000 0.000000 0.000000 0.000000 1.000000
1.000000 0.000000 0.000000 0.000000 1.000000 0.000000 0.000000 0.000000 1.000000
1.000000 0.000000 0.000000 0.000000 1.000000 0.000000 0.000000 0.000000 1.000000
1.000000 0.000000 0.000000 0.000000 1.000000 0.000000 0.000000 0.000000 1.000000
1.745589 0.839670 0.000000
1.745589 0.839670 0.000000
1.745589 0.839670 0.000000
0.000000 0.000000 0.000000
1063253144
Locator 8
1063253144
0 1 0 1 1 1 1.000000
1063253504 0 803399912 803373392 0
1.000000 1.000000 1.000000
1.000000 1.000000 1.000000
0.000000 0.000000 0.000000
0.000000 0.000000 0.000000
-0.560730 -0.827999 0.000000 0.000000 0.000000 1.000000 -0.827999 0.560730 0.000000
-0.560730 -0.827999 0.000000 0.000000 0.000000 1.000000 -0.827999 0.560730 0.000000
1.000000 0.000000 0.000000 0.000000 1.000000 0.000000 0.000000 0.000000 1.000000
-0.560730 0.000000 -0.827999 -0.827999 0.000000 0.560730 0.000000 1.000000 0.000000
1.745589 0.839670 0.000000
1.745589 0.839670 0.000000
1.745589 0.839670 0.000000
0.000000 0.000000 0.000000
1063254224
1063238984
Locator 9
1063254224
0 1 0 1 1 0 1.000000
1063253144 0 803399912 803373392 0
1.000000 1.000000 1.000000
1.000000 1.000000 1.000000
0.000000 0.000000 0.000000
0.000000 0.000000 0.000000
-0.560730 -0.827999 0.000000 0.000000 0.000000 1.000000 -0.827999 0.560730 0.000000
-0.560730 -0.827999 0.000000 0.000000 0.000000 1.000000 -0.827999 0.560730 0.000000
-0.560731 0.000000 -0.828000 -0.828000 0.000000 0.560731 0.000000 1.000000 0.000000
-0.560730 0.000000 -0.827999 -0.827999 0.000000 0.560730 0.000000 1.000000 0.000000
0.399439 1.751297 0.000000
0.399439 1.751297 0.000000
0.399439 1.751297 0.000000
0.000000 0.000000 0.000000
1063252784
IK A 34
1063252784
2 2 0 1 1 0 1.000000
1063254224 0 803399912 0 1063263440
1.000000 1.000000 1.000000
1.000000 1.000000 1.000000
0.000000 0.000000 0.000000
0.000000 0.000000 0.000000
0.225007 -0.974358 0.000000 0.000000 0.000000 1.000000 -0.974358 -0.225007 0.000000
0.225007 -0.974358 0.000000 0.000000 0.000000 1.000000 -0.974358 -0.225007 0.000000
0.680599 0.000000 -0.732657 0.000000 1.000000 0.000000 0.732657 0.000000 0.680599
0.225007 0.000000 -0.974357 -0.974357 0.000000 -0.225007 0.000000 1.000000 0.000000
0.399439 1.751297 0.000000
0.000000 0.000000 0.000000
0.399439 1.751297 0.000000
0.000000 0.000000 0.000000
1063253864
1064129568
Locator 10
1063253864
0 1 1 1 1 1 1.000000
1063252784 0 803399912 803373528 0
1.000000 1.000000 1.000000
1.000000 1.000000 1.000000
0.000000 0.000000 0.000000
0.000000 0.000000 0.000000
0.331588 0.943424 0.000000 -0.000000 0.000000 -1.000000 -0.943424 0.331588 0.000000
0.331588 0.943424 0.000000 -0.000000 0.000000 -1.000000 -0.943424 0.331588 0.000000
0.225007 0.000000 -0.974358 -0.974358 0.000000 -0.225007 0.000000 1.000000 0.000000
0.331588 -0.000000 -0.943424 0.943424 0.000000 0.331588 0.000000 -1.000000 0.000000
0.399439 1.751297 0.000000
0.399439 1.751297 0.000000
0.399439 1.751297 0.000000
0.000000 0.000000 0.000000
1064126328
1063239432
Locator 11
1064126328
0 1 0 1 1 0 1.000000
1063253864 0 803399912 803373528 0
1.000000 1.000000 1.000000
1.000000 1.000000 1.000000
0.000000 0.000000 0.000000
0.000000 0.000000 0.000000
0.331588 0.943424 0.000000 -0.000000 0.000000 -1.000000 -0.943424 0.331588 0.000000
0.331588 0.943424 0.000000 -0.000000 0.000000 -1.000000 -0.943424 0.331588 0.000000
0.331587 -0.000000 -0.943427 0.943428 0.000000 0.331591 0.000000 -1.000000 0.000000
0.331588 -0.000000 -0.943424 0.943424 0.000000 0.331588 0.000000 -1.000000 0.000000
-1.003687 2.244458 0.000000
-1.003687 2.244458 0.000000
-1.003687 2.244458 0.000000
0.000000 0.000000 0.000000
1064128128
Locator 12
1064128128
0 1 0 1 1 1 1.000000
1064126328 0 803399912 803373936 0
1.000000 1.000000 1.000000
1.000000 1.000000 1.000000
0.000000 0.000000 0.000000
0.000000 0.000000 0.000000
-0.149401 0.988777 0.000000 0.000000 0.000000 -1.000000 -0.988777 -0.149401 0.000000
-0.149401 0.988777 0.000000 0.000000 0.000000 -1.000000 -0.988777 -0.149401 0.000000
0.331588 0.000000 -0.943424 0.943425 0.000000 0.331589 0.000000 -1.000000 0.000000
-0.149401 0.000000 -0.988777 0.988777 0.000000 -0.149401 0.000000 -1.000000 0.000000
-1.003687 2.244458 0.000000
-1.003687 2.244458 0.000000
-1.003687 2.244458 0.000000
0.000000 0.000000 0.000000
1064129928
1063240328
Locator 13
1064129928
0 1 0 1 1 0 1.000000
1064128128 0 803399912 803373936 0
1.000000 1.000000 1.000000
1.000000 1.000000 1.000000
0.000000 0.000000 0.000000
0.000000 0.000000 0.000000
-0.149401 0.988777 0.000000 0.000000 0.000000 -1.000000 -0.988777 -0.149401 0.000000
-0.149401 0.988777 0.000000 0.000000 0.000000 -1.000000 -0.988777 -0.149401 0.000000
-0.149403 0.000000 -0.988777 0.988778 0.000000 -0.149402 0.000000 -1.000000 0.000000
-0.149401 0.000000 -0.988777 0.988777 0.000000 -0.149401 0.000000 -1.000000 0.000000
-2.267673 2.053473 0.000000
-2.267674 2.053473 0.000000
-2.267674 2.053473 0.000000
0.000000 0.000000 0.000000
1064126688
Locator 14
1064126688
0 1 0 1 1 1 1.000000
1064129928 0 803399912 803374208 0
1.000000 1.000000 1.000000
1.000000 1.000000 1.000000
0.000000 0.000000 0.000000
0.000000 0.000000 0.000000
0.604551 -0.796566 0.000000 0.000000 0.000000 1.000000 -0.796566 -0.604551 0.000000
0.604551 -0.796566 0.000000 0.000000 0.000000 1.000000 -0.796566 -0.604551 0.000000
-0.149403 0.000000 -0.988777 0.988778 0.000000 -0.149402 0.000000 -1.000000 0.000000
0.604551 0.000000 -0.796566 -0.796566 0.000000 -0.604551 0.000000 1.000000 0.000000
-2.267673 2.053473 0.000000
-2.267674 2.053473 0.000000
-2.267674 2.053473 0.000000
0.000000 0.000000 0.000000
1064131008
1063239560
Locator 15
1064131008
0 1 0 1 1 0 1.000000
1064126688 0 803399912 803374208 0
1.000000 1.000000 1.000000
1.000000 1.000000 1.000000
0.000000 0.000000 0.000000
0.000000 0.000000 0.000000
0.604551 -0.796566 0.000000 0.000000 0.000000 1.000000 -0.796566 -0.604551 0.000000
0.604551 -0.796566 0.000000 0.000000 0.000000 1.000000 -0.796566 -0.604551 0.000000
0.604552 0.000000 -0.796565 -0.796567 0.000000 -0.604552 0.000000 1.000000 0.000000
0.604551 0.000000 -0.796566 -0.796566 0.000000 -0.604551 0.000000 1.000000 0.000000
-3.439457 1.164151 0.000000
-3.439458 1.164151 0.000000
-3.439458 1.164151 0.000000
0.000000 0.000000 0.000000
1064130288
Locator 16
1064130288
0 1 0 1 1 1 1.000000
1064131008 0 803399912 803373120 0
1.000000 1.000000 1.000000
1.000000 1.000000 1.000000
0.000000 0.000000 0.000000
0.000000 0.000000 0.000000
0.765382 -0.643576 0.000000 0.000000 0.000000 1.000000 -0.643576 -0.765382 0.000000
0.765382 -0.643576 0.000000 0.000000 0.000000 1.000000 -0.643576 -0.765382 0.000000
0.604552 0.000000 -0.796565 -0.796567 0.000000 -0.604552 0.000000 1.000000 0.000000
0.765382 0.000000 -0.643576 -0.643576 0.000000 -0.765382 0.000000 1.000000 0.000000
-3.439457 1.164151 0.000000
-3.439458 1.164151 0.000000
-3.439458 1.164151 0.000000
0.000000 0.000000 0.000000
1064125968
1063239368
Locator 17
1064125968
0 1 0 1 1 0 1.000000
1064130288 0 803399912 803373120 0
1.000000 1.000000 1.000000
1.000000 1.000000 1.000000
0.000000 0.000000 0.000000
0.000000 0.000000 0.000000
0.765382 -0.643576 0.000000 0.000000 0.000000 1.000000 -0.643576 -0.765382 0.000000
0.765382 -0.643576 0.000000 0.000000 0.000000 1.000000 -0.643576 -0.765382 0.000000
0.765383 0.000000 -0.643575 -0.643579 0.000000 -0.765382 0.000000 1.000000 0.000000
0.765382 0.000000 -0.643576 -0.643576 0.000000 -0.765382 0.000000 1.000000 0.000000
-4.351307 0.079721 0.000000
-4.351308 0.079721 0.000000
-4.351308 0.079721 0.000000
0.000000 0.000000 0.000000
1064127048
Locator 18
1064127048
0 1 0 1 1 1 1.000000
1064125968 0 803399912 803373256 0
1.000000 1.000000 1.000000
1.000000 1.000000 1.000000
0.000000 0.000000 0.000000
0.000000 0.000000 0.000000
0.559869 -0.828581 0.000000 0.000000 0.000000 1.000000 -0.828581 -0.559869 0.000000
0.559869 -0.828581 0.000000 0.000000 0.000000 1.000000 -0.828581 -0.559869 0.000000
0.765383 0.000000 -0.643575 -0.643579 0.000000 -0.765382 0.000000 1.000000 0.000000
0.559870 0.000000 -0.828581 -0.828581 0.000000 -0.559870 0.000000 1.000000 0.000000
-4.351307 0.079721 0.000000
-4.351308 0.079721 0.000000
-4.351308 0.079721 0.000000
0.000000 0.000000 0.000000
1064123808
1063240264
Locator 19
1064123808
0 1 0 1 1 0 1.000000
1064127048 0 803399912 803373256 0
1.000000 1.000000 1.000000
1.000000 1.000000 1.000000
0.000000 0.000000 0.000000
0.000000 0.000000 0.000000
0.559869 -0.828581 0.000000 0.000000 0.000000 1.000000 -0.828581 -0.559869 0.000000
0.559869 -0.828581 0.000000 0.000000 0.000000 1.000000 -0.828581 -0.559869 0.000000
0.559871 0.000000 -0.828582 -0.828584 0.000000 -0.559870 0.000000 1.000000 0.000000
0.559870 0.000000 -0.828581 -0.828581 0.000000 -0.559870 0.000000 1.000000 0.000000
-5.430457 -0.649457 0.000000
-5.430457 -0.649457 0.000000
-5.430457 -0.649457 0.000000
0.000000 0.000000 0.000000
1064127408
Locator 20
1064127408
0 1 0 1 1 1 1.000000
1064123808 0 803399912 1064113360 0
1.000000 1.000000 1.000000
1.000000 1.000000 1.000000
0.000000 0.000000 0.000000
0.000000 0.000000 0.000000
0.403833 -0.914833 0.000000 0.000000 0.000000 1.000000 -0.914833 -0.403833 0.000000
0.403833 -0.914833 0.000000 0.000000 0.000000 1.000000 -0.914833 -0.403833 0.000000
0.559871 0.000000 -0.828582 -0.828584 0.000000 -0.559870 0.000000 1.000000 0.000000
0.403833 0.000000 -0.914833 -0.914833 0.000000 -0.403833 0.000000 1.000000 0.000000
-5.430457 -0.649457 0.000000
-5.430457 -0.649457 0.000000
-5.430457 -0.649457 0.000000
0.000000 0.000000 0.000000
1064127768
1063238408
Locator 21
1064127768
0 1 0 1 1 0 1.000000
1064127408 0 803399912 1064113360 0
1.000000 1.000000 1.000000
1.000000 1.000000 1.000000
0.000000 0.000000 0.000000
0.000000 0.000000 0.000000
0.403833 -0.914833 0.000000 0.000000 0.000000 1.000000 -0.914833 -0.403833 0.000000
0.403833 -0.914833 0.000000 0.000000 0.000000 1.000000 -0.914833 -0.403833 0.000000
0.403836 0.000000 -0.914833 -0.914834 0.000000 -0.403833 0.000000 1.000000 0.000000
0.403833 0.000000 -0.914833 -0.914833 0.000000 -0.403833 0.000000 1.000000 0.000000
-6.764864 -1.238503 0.000000
-6.764865 -1.238503 0.000000
-6.764865 -1.238503 0.000000
0.000000 0.000000 0.000000
1064124168
Locator 22
1064124168
0 1 0 1 1 1 1.000000
1064127768 0 803399912 1064113088 0
1.000000 1.000000 1.000000
1.000000 1.000000 1.000000
0.000000 0.000000 0.000000
0.000000 0.000000 0.000000
-0.185820 0.982584 0.000000 0.000000 0.000000 -1.000000 -0.982584 -0.185820 0.000000
-0.185820 0.982584 0.000000 0.000000 0.000000 -1.000000 -0.982584 -0.185820 0.000000
0.403836 0.000000 -0.914833 -0.914834 0.000000 -0.403833 0.000000 1.000000 0.000000
-0.185820 0.000000 -0.982584 0.982584 0.000000 -0.185820 0.000000 -1.000000 0.000000
-6.764864 -1.238503 0.000000
-6.764865 -1.238503 0.000000
-6.764865 -1.238503 0.000000
0.000000 0.000000 0.000000
1064128488
1063239048
Locator 23
1064128488
0 1 0 1 1 0 1.000000
1064124168 0 803399912 1064113088 0
1.000000 1.000000 1.000000
1.000000 1.000000 1.000000
0.000000 0.000000 0.000000
0.000000 0.000000 0.000000
-0.185820 0.982584 0.000000 0.000000 0.000000 -1.000000 -0.982584 -0.185820 0.000000
-0.185820 0.982584 0.000000 0.000000 0.000000 -1.000000 -0.982584 -0.185820 0.000000
-0.185821 0.000000 -0.982585 0.982586 0.000000 -0.185818 0.000000 -1.000000 0.000000
-0.185820 0.000000 -0.982584 0.982584 0.000000 -0.185820 0.000000 -1.000000 0.000000
-8.151530 -1.500740 0.000000
-8.151531 -1.500740 0.000000
-8.151531 -1.500740 0.000000
0.000000 0.000000 0.000000
1064124888
Locator 24
1064124888
0 1 0 1 1 1 1.000000
1064128488 0 803399912 1064112136 0
1.000000 1.000000 1.000000
1.000000 1.000000 1.000000
0.000000 0.000000 0.000000
0.000000 0.000000 0.000000
0.047719 0.998861 0.000000 -0.000000 0.000000 -1.000000 -0.998861 0.047719 0.000000
0.047719 0.998861 0.000000 -0.000000 0.000000 -1.000000 -0.998861 0.047719 0.000000
-0.185821 0.000000 -0.982585 0.982586 0.000000 -0.185818 0.000000 -1.000000 0.000000
0.047719 -0.000000 -0.998861 0.998861 0.000000 0.047719 0.000000 -1.000000 0.000000
-8.151530 -1.500740 0.000000
-8.151531 -1.500740 0.000000
-8.151531 -1.500740 0.000000
0.000000 0.000000 0.000000
1064128848
1063239496
Locator 25
1064128848
0 1 0 1 1 0 1.000000
1064124888 0 803399912 1064112136 0
1.000000 1.000000 1.000000
1.000000 1.000000 1.000000
0.000000 0.000000 0.000000
0.000000 0.000000 0.000000
0.047719 0.998861 0.000000 -0.000000 0.000000 -1.000000 -0.998861 0.047719 0.000000
0.047719 0.998861 0.000000 -0.000000 0.000000 -1.000000 -0.998861 0.047719 0.000000
0.047718 -0.000000 -0.998862 0.998862 0.000000 0.047722 0.000000 -1.000000 0.000000
0.047719 -0.000000 -0.998861 0.998861 0.000000 0.047719 0.000000 -1.000000 0.000000
-9.843513 -1.419908 0.000000
-9.843514 -1.419908 0.000000
-9.843514 -1.419908 0.000000
0.000000 0.000000 0.000000
1064129208
Locator 26
1064129208
0 1 0 1 1 1 1.000000
1064128848 0 803399912 1064113768 0
1.000000 1.000000 1.000000
1.000000 1.000000 1.000000
0.000000 0.000000 0.000000
0.000000 0.000000 0.000000
0.303274 0.952903 0.000000 -0.000000 0.000000 -1.000000 -0.952903 0.303274 0.000000
0.303274 0.952903 0.000000 -0.000000 0.000000 -1.000000 -0.952903 0.303274 0.000000
0.047718 -0.000000 -0.998862 0.998862 0.000000 0.047722 0.000000 -1.000000 0.000000
0.303274 -0.000000 -0.952903 0.952903 0.000000 0.303274 0.000000 -1.000000 0.000000
-9.843513 -1.419908 0.000000
-9.843514 -1.419908 0.000000
-9.843514 -1.419908 0.000000
0.000000 0.000000 0.000000
1064130648
1063239624
Locator 27
1064130648
0 0 0 1 1 0 1.000000
1064129208 0 803399912 1064113768 0
1.000000 1.000000 1.000000
1.000000 1.000000 1.000000
0.000000 0.000000 0.000000
0.000000 0.000000 0.000000
0.303274 0.952903 0.000000 -0.000000 0.000000 -1.000000 -0.952903 0.303274 0.000000
0.303274 0.952903 0.000000 -0.000000 0.000000 -1.000000 -0.952903 0.303274 0.000000
0.303273 -0.000000 -0.952904 0.952902 0.000000 0.303277 0.000000 -1.000000 0.000000
0.303274 -0.000000 -0.952903 0.952903 0.000000 0.303274 0.000000 -1.000000 0.000000
-11.310786 -0.952929 0.000000
-11.310787 -0.952929 0.000000
-11.310787 -0.952929 0.000000
0.000000 0.000000 0.000000
IK B 35
1064129568
3 1 0 1 1 0 1.000000
1063252784 0 803399912 0 1063263440
1.000000 1.000000 1.000000
1.000000 1.000000 1.000000
0.000000 0.000000 0.000000
0.000000 0.000000 0.000000
0.225007 -0.974358 0.000000 0.000000 0.000000 1.000000 -0.974358 -0.225007 0.000000
0.225007 -0.974358 0.000000 0.000000 0.000000 1.000000 -0.974358 -0.225007 0.000000
1.000000 0.000000 -0.000000 0.000000 1.000000 0.000000 -0.000000 0.000000 1.000000
0.225007 0.000000 -0.974357 -0.974357 0.000000 -0.225007 0.000000 1.000000 0.000000
-11.310787 -0.952929 0.000000
0.000000 0.000000 0.000000
-11.310787 -0.952929 0.000000
0.000000 0.000000 0.000000
1064131368
Locator 28
1064131368
0 1 0 1 1 1 1.000000
1064129568 0 803399912 1064112272 0
1.000000 1.000000 1.000000
1.000000 1.000000 1.000000
0.000000 0.000000 0.000000
0.000000 0.000000 0.000000
0.585561 0.810628 0.000000 0.000000 0.000000 -1.000000 -0.810629 0.585564 0.000000
0.585561 0.810628 0.000000 0.000000 0.000000 -1.000000 -0.810629 0.585564 0.000000
0.225008 0.000000 -0.974358 -0.974358 0.000000 -0.225004 0.000000 1.000000 0.000000
0.585561 0.000000 -0.810629 0.810628 0.000000 0.585564 0.000000 -1.000000 0.000000
-11.310787 -0.952929 0.000000
-11.310787 -0.952929 0.000000
-11.310787 -0.952929 0.000000
0.000000 0.000000 0.000000
1064124528
1063238728
Locator 29
1064124528
0 1 0 1 1 0 1.000000
1064131368 0 803399912 1064112272 0
1.000000 1.000000 1.000000
1.000000 1.000000 1.000000
0.000000 0.000000 0.000000
0.000000 0.000000 0.000000
0.585561 0.810628 0.000000 0.000000 0.000000 -1.000000 -0.810629 0.585564 0.000000
0.585561 0.810628 0.000000 0.000000 0.000000 -1.000000 -0.810629 0.585564 0.000000
0.585555 0.000000 -0.810639 0.810631 0.000000 0.585579 0.000000 -1.000000 0.000000
0.585561 0.000000 -0.810629 0.810628 0.000000 0.585564 0.000000 -1.000000 0.000000
-12.533330 -0.069818 0.000000
-12.446333 -0.952929 0.992487
-12.533330 -0.069818 0.000000
0.000000 0.000000 0.000000
1064125248
Locator 30
1064125248
0 1 0 1 1 1 1.000000
1064124528 0 803399912 1064111864 0
1.000000 1.000000 1.000000
1.000000 1.000000 1.000000
0.000000 0.000000 0.000000
0.000000 0.000000 0.000000
0.791737 0.610860 0.000000 0.000000 0.000000 -1.000000 -0.610864 0.791746 0.000000
0.791737 0.610860 0.000000 0.000000 0.000000 -1.000000 -0.610864 0.791746 0.000000
0.585555 0.000000 -0.810639 0.810631 0.000000 0.585579 0.000000 -1.000000 0.000000
0.791738 0.000000 -0.610861 0.610860 0.000000 0.791741 0.000000 -1.000000 0.000000
-12.533330 -0.069818 0.000000
-12.446333 -0.952929 0.992487
-12.533330 -0.069818 0.000000
0.000000 0.000000 0.000000
1064125608
1063239176
Locator 31
1064125608
0 0 0 1 1 0 1.000000
1064125248 0 803399912 1064111864 0
1.000000 1.000000 1.000000
1.000000 1.000000 1.000000
0.000000 0.000000 0.000000
0.000000 0.000000 0.000000
0.791737 0.610860 0.000000 0.000000 0.000000 -1.000000 -0.610864 0.791746 0.000000
0.791737 0.610860 0.000000 0.000000 0.000000 -1.000000 -0.610864 0.791746 0.000000
0.791734 0.000000 -0.610869 0.610861 0.000000 0.791758 0.000000 -1.000000 0.000000
0.791738 0.000000 -0.610861 0.610860 0.000000 0.791741 0.000000 -1.000000 0.000000
-13.392817 1.044170 0.000000
-13.725145 -0.952929 1.579278
-13.392816 1.044169 0.000000
0.000000 0.000000 0.000000

