Transformers
28
Object 6
1066024624
0 0 0 0 1 0 1.000000
785156864 1065231488 0 0 0
1.000000 1.000000 1.000000
1.000000 1.000000 1.000000
0.000000 0.000000 0.000000
0.000000 0.000000 0.000000
1.000000 0.000000 0.000000 0.000000 1.000000 0.000000 0.000000 0.000000 1.000000
1.000000 0.000000 0.000000 0.000000 1.000000 0.000000 0.000000 0.000000 1.000000
1.000000 0.000000 0.000000 0.000000 1.000000 0.000000 0.000000 0.000000 1.000000
1.000000 0.000000 0.000000 0.000000 1.000000 0.000000 0.000000 0.000000 1.000000
0.000000 0.000000 0.000000
0.000000 0.000000 0.000000
0.000000 0.000000 0.000000
0.000000 0.000000 0.000000
Locator 7
1066024984
4 1 0 1 1 0 1.000000
785156864 0 1065225472 0 0
1.000000 1.000000 1.000000
1.000000 1.000000 1.000000
0.000000 0.000000 0.000000
0.000000 0.000000 0.000000
1.000000 0.000000 0.000000 0.000000 1.000000 0.000000 0.000000 0.000000 1.000000
1.000000 0.000000 0.000000 0.000000 1.000000 0.000000 0.000000 0.000000 1.000000
1.000000 0.000000 0.000000 0.000000 1.000000 0.000000 0.000000 0.000000 1.000000
1.000000 0.000000 0.000000 0.000000 1.000000 0.000000 0.000000 0.000000 1.000000
1.745589 0.839670 0.000000
1.745589 0.839670 0.000000
1.745589 0.839670 0.000000
0.000000 0.000000 0.000000
1066025344
Locator 8
1066025344
0 1 0 1 1 1 1.000000
1066024984 0 1065225472 812155216 0
1.000000 1.000000 1.000000
1.000000 1.000000 1.000000
0.000000 0.000000 0.000000
0.000000 0.000000 0.000000
-0.560730 -0.827999 0.000000 0.000000 0.000000 1.000000 -0.827999 0.560730 0.000000
-0.560730 -0.827999 0.000000 0.000000 0.000000 1.000000 -0.827999 0.560730 0.000000
1.000000 0.000000 0.000000 0.000000 1.000000 0.000000 0.000000 0.000000 1.000000
-0.560730 0.000000 -0.827999 -0.827999 0.000000 0.560730 0.000000 1.000000 0.000000
1.745589 0.839670 0.000000
1.745589 0.839670 0.000000
1.745589 0.839670 0.000000
0.000000 0.000000 0.000000
1066025704
1065140328
Locator 9
1066025704
0 1 0 1 1 0 1.000000
1066025344 0 1065225472 812155216 0
1.000000 1.000000 1.000000
1.000000 1.000000 1.000000
0.000000 0.000000 0.000000
0.000000 0.000000 0.000000
-0.560730 -0.827999 0.000000 0.000000 0.000000 1.000000 -0.827999 0.560730 0.000000
-0.560730 -0.827999 0.000000 0.000000 0.000000 1.000000 -0.827999 0.560730 0.000000
-0.560731 0.000000 -0.828000 -0.828000 0.000000 0.560731 0.000000 1.000000 0.000000
-0.560730 0.000000 -0.827999 -0.827999 0.000000 0.560730 0.000000 1.000000 0.000000
0.399439 1.751297 0.000000
0.399439 1.751297 0.000000
0.399439 1.751297 0.000000
0.000000 0.000000 0.000000
1066049352
IK A 34
1066049352
2 2 0 1 1 0 1.000000
1066025704 0 1065225472 0 1065199464
1.000000 1.000000 1.000000
1.000000 1.000000 1.000000
0.000000 0.000000 0.000000
0.000000 0.000000 0.000000
0.225007 -0.974358 0.000000 0.000000 0.000000 1.000000 -0.974358 -0.225007 0.000000
0.225007 -0.974358 0.000000 0.000000 0.000000 1.000000 -0.974358 -0.225007 0.000000
0.680599 0.000000 -0.732657 0.000000 1.000000 0.000000 0.732657 0.000000 0.680599
0.225007 0.000000 -0.974357 -0.974357 0.000000 -0.225007 0.000000 1.000000 0.000000
0.399439 1.751297 0.000000
0.000000 0.000000 0.000000
0.399439 1.751297 0.000000
0.000000 0.000000 0.000000
1066034264
1066047912
Locator 10
1066034264
0 1 1 1 1 1 1.000000
1066049352 0 1065225472 812156984 0
1.000000 1.000000 1.000000
1.000000 1.000000 1.000000
0.000000 0.000000 0.000000
0.000000 0.000000 0.000000
0.331588 0.943424 0.000000 -0.000000 0.000000 -1.000000 -0.943424 0.331588 0.000000
0.331588 0.943424 0.000000 -0.000000 0.000000 -1.000000 -0.943424 0.331588 0.000000
0.225007 0.000000 -0.974358 -0.974358 0.000000 -0.225007 0.000000 1.000000 0.000000
0.331588 -0.000000 -0.943424 0.943424 0.000000 0.331588 0.000000 -1.000000 0.000000
0.399439 1.751297 0.000000
0.399439 1.751297 0.000000
0.399439 1.751297 0.000000
0.000000 0.000000 0.000000
1066034624
1065196216
Locator 11
1066034624
0 1 0 1 1 0 1.000000
1066034264 0 1065225472 812156984 0
1.000000 1.000000 1.000000
1.000000 1.000000 1.000000
0.000000 0.000000 0.000000
0.000000 0.000000 0.000000
0.331588 0.943424 0.000000 -0.000000 0.000000 -1.000000 -0.943424 0.331588 0.000000
0.331588 0.943424 0.000000 -0.000000 0.000000 -1.000000 -0.943424 0.331588 0.000000
0.331587 -0.000000 -0.943427 0.943428 0.000000 0.331591 0.000000 -1.000000 0.000000
0.331588 -0.000000 -0.943424 0.943424 0.000000 0.331588 0.000000 -1.000000 0.000000
-1.003687 2.244458 0.000000
-1.003687 2.244458 0.000000
-1.003687 2.244458 0.000000
0.000000 0.000000 0.000000
1066035344
Locator 12
1066035344
0 1 0 1 1 1 1.000000
1066034624 0 1065225472 812157120 0
1.000000 1.000000 1.000000
1.000000 1.000000 1.000000
0.000000 0.000000 0.000000
0.000000 0.000000 0.000000
-0.149401 0.988777 0.000000 0.000000 0.000000 -1.000000 -0.988777 -0.149401 0.000000
-0.149401 0.988777 0.000000 0.000000 0.000000 -1.000000 -0.988777 -0.149401 0.000000
0.331588 0.000000 -0.943424 0.943425 0.000000 0.331589 0.000000 -1.000000 0.000000
-0.149401 0.000000 -0.988777 0.988777 0.000000 -0.149401 0.000000 -1.000000 0.000000
-1.003687 2.244458 0.000000
-1.003687 2.244458 0.000000
-1.003687 2.244458 0.000000
0.000000 0.000000 0.000000
1066035704
1065196280
Locator 13
1066035704
0 1 0 1 1 0 1.000000
1066035344 0 1065225472 812157120 0
1.000000 1.000000 1.000000
1.000000 1.000000 1.000000
0.000000 0.000000 0.000000
0.000000 0.000000 0.000000
-0.149401 0.988777 0.000000 0.000000 0.000000 -1.000000 -0.988777 -0.149401 0.000000
-0.149401 0.988777 0.000000 0.000000 0.000000 -1.000000 -0.988777 -0.149401 0.000000
-0.149403 0.000000 -0.988777 0.988778 0.000000 -0.149402 0.000000 -1.000000 0.000000
-0.149401 0.000000 -0.988777 0.988777 0.000000 -0.149401 0.000000 -1.000000 0.000000
-2.267673 2.053473 0.000000
-2.267674 2.053473 0.000000
-2.267674 2.053473 0.000000
0.000000 0.000000 0.000000
1066036064
Locator 14
1066036064
0 1 0 1 1 1 1.000000
1066035704 0 1065225472 812155352 0
1.000000 1.000000 1.000000
1.000000 1.000000 1.000000
0.000000 0.000000 0.000000
0.000000 0.000000 0.000000
0.604551 -0.796566 0.000000 0.000000 0.000000 1.000000 -0.796566 -0.604551 0.000000
0.604551 -0.796566 0.000000 0.000000 0.000000 1.000000 -0.796566 -0.604551 0.000000
-0.149403 0.000000 -0.988777 0.988778 0.000000 -0.149402 0.000000 -1.000000 0.000000
0.604551 0.000000 -0.796566 -0.796566 0.000000 -0.604551 0.000000 1.000000 0.000000
-2.267673 2.053473 0.000000
-2.267674 2.053473 0.000000
-2.267674 2.053473 0.000000
0.000000 0.000000 0.000000
1066036424
1065196344
Locator 15
1066036424
0 1 0 1 1 0 1.000000
1066036064 0 1065225472 812155352 0
1.000000 1.000000 1.000000
1.000000 1.000000 1.000000
0.000000 0.000000 0.000000
0.000000 0.000000 0.000000
0.604551 -0.796566 0.000000 0.000000 0.000000 1.000000 -0.796566 -0.604551 0.000000
0.604551 -0.796566 0.000000 0.000000 0.000000 1.000000 -0.796566 -0.604551 0.000000
0.604552 0.000000 -0.796565 -0.796567 0.000000 -0.604552 0.000000 1.000000 0.000000
0.604551 0.000000 -0.796566 -0.796566 0.000000 -0.604551 0.000000 1.000000 0.000000
-3.439457 1.164151 0.000000
-3.439458 1.164151 0.000000
-3.439458 1.164151 0.000000
0.000000 0.000000 0.000000
1066036784
Locator 16
1066036784
0 1 0 1 1 1 1.000000
1066036424 0 1065225472 812155488 0
1.000000 1.000000 1.000000
1.000000 1.000000 1.000000
0.000000 0.000000 0.000000
0.000000 0.000000 0.000000
0.765382 -0.643576 0.000000 0.000000 0.000000 1.000000 -0.643576 -0.765382 0.000000
0.765382 -0.643576 0.000000 0.000000 0.000000 1.000000 -0.643576 -0.765382 0.000000
0.604552 0.000000 -0.796565 -0.796567 0.000000 -0.604552 0.000000 1.000000 0.000000
0.765382 0.000000 -0.643576 -0.643576 0.000000 -0.765382 0.000000 1.000000 0.000000
-3.439457 1.164151 0.000000
-3.439458 1.164151 0.000000
-3.439458 1.164151 0.000000
0.000000 0.000000 0.000000
1066037184
812182696
Locator 17
1066037184
0 1 0 1 1 0 1.000000
1066036784 0 1065225472 812155488 0
1.000000 1.000000 1.000000
1.000000 1.000000 1.000000
0.000000 0.000000 0.000000
0.000000 0.000000 0.000000
0.765382 -0.643576 0.000000 0.000000 0.000000 1.000000 -0.643576 -0.765382 0.000000
0.765382 -0.643576 0.000000 0.000000 0.000000 1.000000 -0.643576 -0.765382 0.000000
0.765383 0.000000 -0.643575 -0.643579 0.000000 -0.765382 0.000000 1.000000 0.000000
0.765382 0.000000 -0.643576 -0.643576 0.000000 -0.765382 0.000000 1.000000 0.000000
-4.351307 0.079721 0.000000
-4.351308 0.079721 0.000000
-4.351308 0.079721 0.000000
0.000000 0.000000 0.000000
1066040784
Locator 18
1066040784
0 1 0 1 1 1 1.000000
1066037184 0 1065225472 812157256 0
1.000000 1.000000 1.000000
1.000000 1.000000 1.000000
0.000000 0.000000 0.000000
0.000000 0.000000 0.000000
0.559869 -0.828581 0.000000 0.000000 0.000000 1.000000 -0.828581 -0.559869 0.000000
0.559869 -0.828581 0.000000 0.000000 0.000000 1.000000 -0.828581 -0.559869 0.000000
0.765383 0.000000 -0.643575 -0.643579 0.000000 -0.765382 0.000000 1.000000 0.000000
0.559870 0.000000 -0.828581 -0.828581 0.000000 -0.559870 0.000000 1.000000 0.000000
-4.351307 0.079721 0.000000
-4.351308 0.079721 0.000000
-4.351308 0.079721 0.000000
0.000000 0.000000 0.000000
1066039704
812182760
Locator 19
1066039704
0 1 0 1 1 0 1.000000
1066040784 0 1065225472 812157256 0
1.000000 1.000000 1.000000
1.000000 1.000000 1.000000
0.000000 0.000000 0.000000
0.000000 0.000000 0.000000
0.559869 -0.828581 0.000000 0.000000 0.000000 1.000000 -0.828581 -0.559869 0.000000
0.559869 -0.828581 0.000000 0.000000 0.000000 1.000000 -0.828581 -0.559869 0.000000
0.559871 0.000000 -0.828582 -0.828584 0.000000 -0.559870 0.000000 1.000000 0.000000
0.559870 0.000000 -0.828581 -0.828581 0.000000 -0.559870 0.000000 1.000000 0.000000
-5.430457 -0.649457 0.000000
-5.430457 -0.649457 0.000000
-5.430457 -0.649457 0.000000
0.000000 0.000000 0.000000
1066038984
Locator 20
1066038984
0 1 0 1 1 1 1.000000
1066039704 0 1065225472 1066015432 0
1.000000 1.000000 1.000000
1.000000 1.000000 1.000000
0.000000 0.000000 0.000000
0.000000 0.000000 0.000000
0.403833 -0.914833 0.000000 0.000000 0.000000 1.000000 -0.914833 -0.403833 0.000000
0.403833 -0.914833 0.000000 0.000000 0.000000 1.000000 -0.914833 -0.403833 0.000000
0.559871 0.000000 -0.828582 -0.828584 0.000000 -0.559870 0.000000 1.000000 0.000000
0.403833 0.000000 -0.914833 -0.914833 0.000000 -0.403833 0.000000 1.000000 0.000000
-5.430457 -0.649457 0.000000
-5.430457 -0.649457 0.000000
-5.430457 -0.649457 0.000000
0.000000 0.000000 0.000000
1066037544
1066011848
Locator 21
1066037544
0 1 0 1 1 0 1.000000
1066038984 0 1065225472 1066015432 0
1.000000 1.000000 1.000000
1.000000 1.000000 1.000000
0.000000 0.000000 0.000000
0.000000 0.000000 0.000000
0.403833 -0.914833 0.000000 0.000000 0.000000 1.000000 -0.914833 -0.403833 0.000000
0.403833 -0.914833 0.000000 0.000000 0.000000 1.000000 -0.914833 -0.403833 0.000000
0.403836 0.000000 -0.914833 -0.914834 0.000000 -0.403833 0.000000 1.000000 0.000000
0.403833 0.000000 -0.914833 -0.914833 0.000000 -0.403833 0.000000 1.000000 0.000000
-6.764864 -1.238503 0.000000
-6.764865 -1.238503 0.000000
-6.764865 -1.238503 0.000000
0.000000 0.000000 0.000000
1066040064
Locator 22
1066040064
0 1 0 1 1 1 1.000000
1066037544 0 1065225472 1066016384 0
1.000000 1.000000 1.000000
1.000000 1.000000 1.000000
0.000000 0.000000 0.000000
0.000000 0.000000 0.000000
-0.185820 0.982584 0.000000 0.000000 0.000000 -1.000000 -0.982584 -0.185820 0.000000
-0.185820 0.982584 0.000000 0.000000 0.000000 -1.000000 -0.982584 -0.185820 0.000000
0.403836 0.000000 -0.914833 -0.914834 0.000000 -0.403833 0.000000 1.000000 0.000000
-0.185820 0.000000 -0.982584 0.982584 0.000000 -0.185820 0.000000 -1.000000 0.000000
-6.764864 -1.238503 0.000000
-6.764865 -1.238503 0.000000
-6.764865 -1.238503 0.000000
0.000000 0.000000 0.000000
1066037904
1066012168
Locator 23
1066037904
0 1 0 1 1 0 1.000000
1066040064 0 1065225472 1066016384 0
1.000000 1.000000 1.000000
1.000000 1.000000 1.000000
0.000000 0.000000 0.000000
0.000000 0.000000 0.000000
-0.185820 0.982584 0.000000 0.000000 0.000000 -1.000000 -0.982584 -0.185820 0.000000
-0.185820 0.982584 0.000000 0.000000 0.000000 -1.000000 -0.982584 -0.185820 0.000000
-0.185821 0.000000 -0.982585 0.982586 0.000000 -0.185818 0.000000 -1.000000 0.000000
-0.185820 0.000000 -0.982584 0.982584 0.000000 -0.185820 0.000000 -1.000000 0.000000
-8.151530 -1.500740 0.000000
-8.151531 -1.500740 0.000000
-8.151531 -1.500740 0.000000
0.000000 0.000000 0.000000
1066040424
Locator 24
1066040424
0 1 0 1 1 1 1.000000
1066037904 0 1065225472 1066018696 0
1.000000 1.000000 1.000000
1.000000 1.000000 1.000000
0.000000 0.000000 0.000000
0.000000 0.000000 0.000000
0.047719 0.998861 0.000000 -0.000000 0.000000 -1.000000 -0.998861 0.047719 0.000000
0.047719 0.998861 0.000000 -0.000000 0.000000 -1.000000 -0.998861 0.047719 0.000000
-0.185821 0.000000 -0.982585 0.982586 0.000000 -0.185818 0.000000 -1.000000 0.000000
0.047719 -0.000000 -0.998861 0.998861 0.000000 0.047719 0.000000 -1.000000 0.000000
-8.151530 -1.500740 0.000000
-8.151531 -1.500740 0.000000
-8.151531 -1.500740 0.000000
0.000000 0.000000 0.000000
1066039344
1066012520
Locator 25
1066039344
0 1 0 1 1 0 1.000000
1066040424 0 1065225472 1066018696 0
1.000000 1.000000 1.000000
1.000000 1.000000 1.000000
0.000000 0.000000 0.000000
0.000000 0.000000 0.000000
0.047719 0.998861 0.000000 -0.000000 0.000000 -1.000000 -0.998861 0.047719 0.000000
0.047719 0.998861 0.000000 -0.000000 0.000000 -1.000000 -0.998861 0.047719 0.000000
0.047718 -0.000000 -0.998862 0.998862 0.000000 0.047722 0.000000 -1.000000 0.000000
0.047719 -0.000000 -0.998861 0.998861 0.000000 0.047719 0.000000 -1.000000 0.000000
-9.843513 -1.419908 0.000000
-9.843514 -1.419908 0.000000
-9.843514 -1.419908 0.000000
0.000000 0.000000 0.000000
1066038264
Locator 26
1066038264
0 1 0 1 1 1 1.000000
1066039344 0 1065225472 1066016520 0
1.000000 1.000000 1.000000
1.000000 1.000000 1.000000
0.000000 0.000000 0.000000
0.000000 0.000000 0.000000
0.303274 0.952903 0.000000 -0.000000 0.000000 -1.000000 -0.952903 0.303274 0.000000
0.303274 0.952903 0.000000 -0.000000 0.000000 -1.000000 -0.952903 0.303274 0.000000
0.047718 -0.000000 -0.998862 0.998862 0.000000 0.047722 0.000000 -1.000000 0.000000
0.303274 -0.000000 -0.952903 0.952903 0.000000 0.303274 0.000000 -1.000000 0.000000
-9.843513 -1.419908 0.000000
-9.843514 -1.419908 0.000000
-9.843514 -1.419908 0.000000
0.000000 0.000000 0.000000
1066038624
1066012584
Locator 27
1066038624
0 0 0 1 1 0 1.000000
1066038264 0 1065225472 1066016520 0
1.000000 1.000000 1.000000
1.000000 1.000000 1.000000
0.000000 0.000000 0.000000
0.000000 0.000000 0.000000
0.303274 0.952903 0.000000 -0.000000 0.000000 -1.000000 -0.952903 0.303274 0.000000
0.303274 0.952903 0.000000 -0.000000 0.000000 -1.000000 -0.952903 0.303274 0.000000
0.303273 -0.000000 -0.952904 0.952902 0.000000 0.303277 0.000000 -1.000000 0.000000
0.303274 -0.000000 -0.952903 0.952903 0.000000 0.303274 0.000000 -1.000000 0.000000
-11.310786 -0.952929 0.000000
-11.310787 -0.952929 0.000000
-11.310787 -0.952929 0.000000
0.000000 0.000000 0.000000
IK B 35
1066047912
3 1 0 1 1 0 1.000000
1066049352 0 1065225472 0 1065199464
1.000000 1.000000 1.000000
1.000000 1.000000 1.000000
0.000000 0.000000 0.000000
0.000000 0.000000 0.000000
0.225007 -0.974358 0.000000 0.000000 0.000000 1.000000 -0.974358 -0.225007 0.000000
0.225007 -0.974358 0.000000 0.000000 0.000000 1.000000 -0.974358 -0.225007 0.000000
1.000000 0.000000 -0.000000 0.000000 1.000000 0.000000 -0.000000 0.000000 1.000000
0.225007 0.000000 -0.974357 -0.974357 0.000000 -0.225007 0.000000 1.000000 0.000000
-11.310787 -0.952929 0.000000
0.000000 0.000000 0.000000
-11.310787 -0.952929 0.000000
0.000000 0.000000 0.000000
1066048992
Locator 28
1066048992
0 1 0 1 1 1 1.000000
1066047912 0 1065225472 1066015976 0
1.000000 1.000000 1.000000
1.000000 1.000000 1.000000
0.000000 0.000000 0.000000
0.000000 0.000000 0.000000
0.585561 0.810628 0.000000 0.000000 0.000000 -1.000000 -0.810629 0.585564 0.000000
0.585561 0.810628 0.000000 0.000000 0.000000 -1.000000 -0.810629 0.585564 0.000000
0.225008 0.000000 -0.974358 -0.974358 0.000000 -0.225004 0.000000 1.000000 0.000000
0.585561 0.000000 -0.810629 0.810628 0.000000 0.585564 0.000000 -1.000000 0.000000
-11.310787 -0.952929 0.000000
-11.310787 -0.952929 0.000000
-11.310787 -0.952929 0.000000
0.000000 0.000000 0.000000
1066045752
1065223424
Locator 29
1066045752
0 1 0 1 1 0 1.000000
1066048992 0 1065225472 1066015976 0
1.000000 1.000000 1.000000
1.000000 1.000000 1.000000
0.000000 0.000000 0.000000
0.000000 0.000000 0.000000
0.585561 0.810628 0.000000 0.000000 0.000000 -1.000000 -0.810629 0.585564 0.000000
0.585561 0.810628 0.000000 0.000000 0.000000 -1.000000 -0.810629 0.585564 0.000000
0.585555 0.000000 -0.810639 0.810631 0.000000 0.585579 0.000000 -1.000000 0.000000
0.585561 0.000000 -0.810629 0.810628 0.000000 0.585564 0.000000 -1.000000 0.000000
-12.533330 -0.069818 0.000000
-12.446333 -0.952929 0.992487
-12.533330 -0.069818 0.000000
0.000000 0.000000 0.000000
1066046112
Locator 30
1066046112
0 1 0 1 1 1 1.000000
1066045752 0 1065225472 1066015024 0
1.000000 1.000000 1.000000
1.000000 1.000000 1.000000
0.000000 0.000000 0.000000
0.000000 0.000000 0.000000
0.791737 0.610860 0.000000 0.000000 0.000000 -1.000000 -0.610864 0.791746 0.000000
0.791737 0.610860 0.000000 0.000000 0.000000 -1.000000 -0.610864 0.791746 0.000000
0.585555 0.000000 -0.810639 0.810631 0.000000 0.585579 0.000000 -1.000000 0.000000
0.791738 0.000000 -0.610861 0.610860 0.000000 0.791741 0.000000 -1.000000 0.000000
-12.533330 -0.069818 0.000000
-12.446333 -0.952929 0.992487
-12.533330 -0.069818 0.000000
0.000000 0.000000 0.000000
1066051152
1066014032
Locator 31
1066051152
0 0 0 1 1 0 1.000000
1066046112 0 1065225472 1066015024 0
1.000000 1.000000 1.000000
1.000000 1.000000 1.000000
0.000000 0.000000 0.000000
0.000000 0.000000 0.000000
0.791737 0.610860 0.000000 0.000000 0.000000 -1.000000 -0.610864 0.791746 0.000000
0.791737 0.610860 0.000000 0.000000 0.000000 -1.000000 -0.610864 0.791746 0.000000
0.791734 0.000000 -0.610869 0.610861 0.000000 0.791758 0.000000 -1.000000 0.000000
0.791738 0.000000 -0.610861 0.610860 0.000000 0.791741 0.000000 -1.000000 0.000000
-13.392817 1.044170 0.000000
-13.725145 -0.952929 1.579278
-13.392816 1.044169 0.000000
0.000000 0.000000 0.000000

