Transformers
28
Object 6
1064573320
0 0 0 0 1 0 1.000000
785152768 1063769560 0 0 0
1.000000 1.000000 1.000000
1.000000 1.000000 1.000000
0.000000 0.000000 0.000000
0.000000 0.000000 0.000000
1.000000 0.000000 0.000000 0.000000 1.000000 0.000000 0.000000 0.000000 1.000000
1.000000 0.000000 0.000000 0.000000 1.000000 0.000000 0.000000 0.000000 1.000000
1.000000 0.000000 0.000000 0.000000 1.000000 0.000000 0.000000 0.000000 1.000000
1.000000 0.000000 0.000000 0.000000 1.000000 0.000000 0.000000 0.000000 1.000000
0.000000 0.000000 0.000000
0.000000 0.000000 0.000000
0.000000 0.000000 0.000000
0.000000 0.000000 0.000000
Locator 7
1064573680
0 1 0 1 1 0 1.000000
785152768 0 1063751168 0 0
1.000000 1.000000 1.000000
1.000000 1.000000 1.000000
0.081074 -0.044011 0.000000
0.000000 0.000000 0.000000
0.999585 0.000000 0.028814 -0.001566 0.998522 0.054319 -0.028771 -0.054342 0.998108
0.999585 0.000000 0.028814 -0.001566 0.998522 0.054319 -0.028771 -0.054342 0.998108
1.000000 0.000000 0.000000 0.000000 1.000000 0.000000 0.000000 0.000000 1.000000
1.000000 0.000000 0.000000 0.000000 1.000000 0.000000 0.000000 0.000000 1.000000
1.745589 0.839670 0.000000
1.745589 0.839670 0.000000
1.745589 0.839670 0.000000
0.000000 0.000000 0.000000
1064574040
Locator 8
1064574040
0 1 0 1 1 1 1.000000
1064573680 0 1063751168 813989816 0
1.000000 1.000000 1.000000
1.000000 1.000000 1.000000
0.000000 0.000000 0.000000
0.000000 0.000000 0.000000
-0.559201 -0.826775 -0.061133 -0.028771 -0.054342 0.998108 -0.828533 0.559901 0.006600
-0.559201 -0.826775 -0.061133 -0.028771 -0.054342 0.998108 -0.828533 0.559901 0.006601
1.000000 0.000000 0.000000 0.000000 1.000000 0.000000 0.000000 0.000000 1.000000
-0.560730 0.000000 -0.827999 -0.827999 0.000000 0.560730 0.000000 1.000000 0.000000
1.745589 0.839670 0.000000
1.745589 0.839670 0.000000
1.745589 0.839670 0.000000
0.000000 0.000000 0.000000
1064574400
1063738408
Locator 9
1064574400
1 1 0 1 1 0 1.000000
1064574040 0 1063751168 813989816 0
1.000000 1.000000 1.000000
1.000000 1.000000 1.000000
0.000000 0.000000 0.000000
0.000000 0.000000 0.000000
-0.559201 -0.826775 -0.061133 -0.028771 -0.054342 0.998108 -0.828533 0.559901 0.006600
-0.559201 -0.826775 -0.061133 -0.028771 -0.054342 0.998108 -0.828533 0.559901 0.006601
-0.560730 0.000000 -0.827999 -0.827999 0.000000 0.560730 0.000000 1.000000 0.000000
-0.560730 0.000000 -0.827999 -0.827999 0.000000 0.560730 0.000000 1.000000 0.000000
0.398570 1.749950 0.010731
0.399438 1.751297 0.000000
0.399439 1.751297 0.000000
0.000000 0.000000 0.000000
1064574760
Locator 10
1064574760
0 1 0 1 1 1 1.000000
1064574400 0 1063751168 813990768 0
1.000000 1.000000 1.000000
1.000000 1.000000 1.000000
0.000000 0.000000 0.000000
0.000000 0.000000 0.000000
-0.329973 -0.942031 -0.060801 -0.028771 -0.054342 0.998108 -0.943551 0.331099 -0.009172
-0.329973 -0.942031 -0.060801 -0.028771 -0.054342 0.998108 -0.943553 0.331099 -0.009172
-0.560730 0.000000 -0.827999 -0.827999 0.000000 0.560730 0.000000 1.000000 0.000000
-0.331588 0.000000 -0.943425 -0.943425 0.000000 0.331589 0.000000 1.000000 0.000000
0.398570 1.749950 0.010731
0.399438 1.751297 0.000000
0.399439 1.751297 0.000000
0.000000 0.000000 0.000000
1064575120
859630216
Locator 11
1064575120
1 1 0 1 1 0 1.000000
1064574760 0 1063751168 813990768 0
1.000000 1.000000 1.000000
1.000000 1.000000 1.000000
0.000000 0.000000 0.000000
0.000000 0.000000 0.000000
-0.329973 -0.942031 -0.060801 -0.028771 -0.054342 0.998108 -0.943551 0.331099 -0.009172
-0.329973 -0.942031 -0.060801 -0.028771 -0.054342 0.998108 -0.943553 0.331099 -0.009172
-0.331588 0.000000 -0.943425 -0.943426 0.000000 0.331589 0.000000 1.000000 0.000000
-0.331588 0.000000 -0.943425 -0.943425 0.000000 0.331589 0.000000 1.000000 0.000000
-1.004749 2.242385 -0.002910
-1.003691 2.244461 0.000000
-1.003687 2.244458 0.000000
0.000000 0.000000 0.000000
1064575480
IK A 32
1064575480
2 2 0 1 1 0 1.000000
1064575120 0 1063751168 0 1064571496
1.000000 1.000000 1.000000
1.000000 1.000000 1.000000
0.000000 0.000000 0.000000
0.000000 0.000000 0.000000
0.297658 -0.953691 -0.043344 -0.028771 -0.054342 0.998108 -0.954240 -0.295846 -0.043614
0.297658 -0.953691 -0.043344 -0.028771 -0.054342 0.998108 -0.954240 -0.295846 -0.043614
0.802821 0.000000 -0.596222 0.000000 1.000000 0.000000 0.596221 0.000000 0.802820
0.296284 0.000000 -0.955100 -0.955100 0.000000 -0.296284 0.000000 1.000000 0.000000
-1.004749 2.242385 -0.002910
-1.003691 2.244461 0.000000
-1.003687 2.244458 0.000000
0.000000 0.000000 0.000000
1064575840
1064594448
Locator 12
1064575840
0 1 1 1 1 1 1.000000
1064575480 0 1063751168 813991720 0
1.000000 1.000000 1.000000
0.000000 0.000000 0.000000
0.000000 0.000000 0.000000
0.000000 0.000000 0.000000
-0.149380 0.988758 0.006557 0.041657 0.012919 -0.999048 -0.987902 -0.148964 -0.043119
-0.149380 0.988758 0.006557 0.041657 0.012919 -0.999048 -0.987902 -0.148964 -0.043119
0.296284 0.000000 -0.955100 -0.955101 0.000000 -0.296284 0.000000 1.000000 0.000000
-0.149401 0.000000 -0.988777 0.988777 0.000000 -0.149401 0.000000 -1.000000 0.000000
-1.004749 2.242385 -0.002910
-1.003687 2.244458 0.000000
-1.003687 2.244458 0.000000
0.000000 0.000000 0.000000
1064576200
1063748136
Locator 13
1064576200
1 1 0 1 1 0 1.000000
1064575840 0 1063751168 813991720 0
1.000000 1.000000 1.000000
0.000000 0.000000 0.000000
0.000000 0.000000 0.000000
0.000000 0.000000 0.000000
-0.149380 0.988758 0.006557 0.041657 0.012919 -0.999048 -0.987902 -0.148964 -0.043119
-0.149380 0.988758 0.006557 0.041657 0.012919 -0.999048 -0.987902 -0.148964 -0.043119
-0.149402 0.000000 -0.988777 0.988778 0.000000 -0.149401 0.000000 -1.000000 0.000000
-0.149401 0.000000 -0.988777 0.988777 0.000000 -0.149401 0.000000 -1.000000 0.000000
-2.267617 2.051959 -0.058030
-2.267674 2.053473 0.000000
-2.267674 2.053473 0.000000
0.000000 0.000000 0.000000
1064576560
Locator 14
1064576560
0 1 0 1 1 1 1.000000
1064576200 0 1063751168 813990904 0
1.000000 1.000000 1.000000
0.000000 0.000000 0.000000
0.000000 0.000000 0.000000
0.000000 0.000000 0.000000
0.604105 -0.796765 0.014886 -0.041657 -0.012919 0.999048 -0.795815 -0.604151 -0.040995
0.604105 -0.796765 0.014886 -0.041657 -0.012919 0.999048 -0.795815 -0.604151 -0.040995
-0.149402 0.000000 -0.988777 0.988778 0.000000 -0.149401 0.000000 -1.000000 0.000000
0.604551 0.000000 -0.796566 -0.796566 0.000000 -0.604551 0.000000 1.000000 0.000000
-2.267617 2.051959 -0.058030
-2.267674 2.053473 0.000000
-2.267674 2.053473 0.000000
0.000000 0.000000 0.000000
1064576920
1063760672
Locator 15
1064576920
1 1 0 1 1 0 1.000000
1064576560 0 1063751168 813990904 0
1.000000 1.000000 1.000000
0.000000 0.000000 0.000000
0.000000 0.000000 0.000000
0.000000 0.000000 0.000000
0.604105 -0.796765 0.014886 -0.041657 -0.012919 0.999048 -0.795815 -0.604151 -0.040995
0.604105 -0.796765 0.014886 -0.041657 -0.012919 0.999048 -0.795815 -0.604151 -0.040995
0.604552 0.000000 -0.796566 -0.796568 0.000000 -0.604552 0.000000 1.000000 0.000000
0.604551 0.000000 -0.796566 -0.796566 0.000000 -0.604551 0.000000 1.000000 0.000000
-3.438296 1.163227 -0.118336
-3.439458 1.164151 0.000000
-3.439458 1.164151 0.000000
0.000000 0.000000 0.000000
1064577280
Locator 16
1064577280
0 1 0 1 1 1 1.000000
1064576920 0 1063751168 813991040 0
1.000000 1.000000 1.000000
0.000000 0.000000 0.000000
0.000000 0.000000 0.000000
0.000000 0.000000 0.000000
0.764778 -0.643862 0.023563 -0.041657 -0.012919 0.999048 -0.642945 -0.765032 -0.036701
0.764778 -0.643862 0.023563 -0.041657 -0.012919 0.999048 -0.642945 -0.765032 -0.036701
0.604552 0.000000 -0.796566 -0.796568 0.000000 -0.604552 0.000000 1.000000 0.000000
0.765382 0.000000 -0.643576 -0.643576 0.000000 -0.765382 0.000000 1.000000 0.000000
-3.438296 1.163227 -0.118336
-3.439458 1.164151 0.000000
-3.439458 1.164151 0.000000
0.000000 0.000000 0.000000
1064580560
1064543920
Locator 17
1064580560
1 1 0 1 1 0 1.000000
1064577280 0 1063751168 813991040 0
1.000000 1.000000 1.000000
0.000000 0.000000 0.000000
0.000000 0.000000 0.000000
0.000000 0.000000 0.000000
0.764778 -0.643862 0.023563 -0.041657 -0.012919 0.999048 -0.642945 -0.765032 -0.036701
0.764778 -0.643862 0.023563 -0.041657 -0.012919 0.999048 -0.642945 -0.765032 -0.036701
0.765383 0.000000 -0.643575 -0.643579 0.000000 -0.765382 0.000000 1.000000 0.000000
0.765382 0.000000 -0.643576 -0.643576 0.000000 -0.765382 0.000000 1.000000 0.000000
-4.349252 0.079293 -0.170336
-4.351308 0.079721 0.000000
-4.351308 0.079721 0.000000
0.000000 0.000000 0.000000
1064578400
Locator 18
1064578400
0 1 0 1 1 1 1.000000
1064580560 0 1063751168 813991176 0
1.000000 1.000000 1.000000
0.000000 0.000000 0.000000
0.000000 0.000000 0.000000
0.000000 0.000000 0.000000
0.559466 -0.828757 0.012611 -0.041657 -0.012919 0.999048 -0.827806 -0.559459 -0.041751
0.559466 -0.828757 0.012611 -0.041657 -0.012919 0.999048 -0.827806 -0.559459 -0.041751
0.765383 0.000000 -0.643575 -0.643579 0.000000 -0.765382 0.000000 1.000000 0.000000
0.559870 0.000000 -0.828581 -0.828581 0.000000 -0.559870 0.000000 1.000000 0.000000
-4.349252 0.079293 -0.170336
-4.351308 0.079721 0.000000
-4.351308 0.079721 0.000000
0.000000 0.000000 0.000000
1064579120
1064544272
Locator 19
1064579120
1 1 0 1 1 0 1.000000
1064578400 0 1063751168 813991176 0
1.000000 1.000000 1.000000
0.000000 0.000000 0.000000
0.000000 0.000000 0.000000
0.000000 0.000000 0.000000
0.559466 -0.828757 0.012611 -0.041657 -0.012919 0.999048 -0.827806 -0.559459 -0.041751
0.559466 -0.828757 0.012611 -0.041657 -0.012919 0.999048 -0.827806 -0.559459 -0.041751
0.559871 0.000000 -0.828581 -0.828583 0.000000 -0.559870 0.000000 1.000000 0.000000
0.559870 0.000000 -0.828581 -0.828581 0.000000 -0.559870 0.000000 1.000000 0.000000
-5.427391 -0.649351 -0.224713
-5.430457 -0.649457 0.000000
-5.430457 -0.649457 0.000000
0.000000 0.000000 0.000000
1064577680
Locator 20
1064577680
0 1 0 1 1 1 1.000000
1064579120 0 1063751168 1064567760 0
1.000000 1.000000 1.000000
0.000000 0.000000 0.000000
0.000000 0.000000 0.000000
0.000000 0.000000 0.000000
0.403578 -0.914932 0.004997 -0.041657 -0.012919 0.999048 -0.913997 -0.403402 -0.043327
0.403578 -0.914932 0.004997 -0.041657 -0.012919 0.999048 -0.913997 -0.403402 -0.043327
0.559871 0.000000 -0.828581 -0.828583 0.000000 -0.559870 0.000000 1.000000 0.000000
0.403833 0.000000 -0.914833 -0.914833 0.000000 -0.403833 0.000000 1.000000 0.000000
-5.427391 -0.649351 -0.224713
-5.430457 -0.649457 0.000000
-5.430457 -0.649457 0.000000
0.000000 0.000000 0.000000
1064579840
1064544576
Locator 21
1064579840
1 1 0 1 1 0 1.000000
1064577680 0 1063751168 1064567760 0
1.000000 1.000000 1.000000
0.000000 0.000000 0.000000
0.000000 0.000000 0.000000
0.000000 0.000000 0.000000
0.403578 -0.914932 0.004997 -0.041657 -0.012919 0.999048 -0.913997 -0.403402 -0.043327
0.403578 -0.914932 0.004997 -0.041657 -0.012919 0.999048 -0.913997 -0.403402 -0.043327
0.403835 0.000000 -0.914833 -0.914834 0.000000 -0.403832 0.000000 1.000000 0.000000
0.403833 0.000000 -0.914833 -0.914833 0.000000 -0.403833 0.000000 1.000000 0.000000
-6.760579 -1.237768 -0.287912
-6.764865 -1.238503 0.000000
-6.764865 -1.238503 0.000000
0.000000 0.000000 0.000000
1064578040
Locator 22
1064578040
0 1 0 1 1 1 1.000000
1064579840 0 1063751168 1064568576 0
1.000000 1.000000 1.000000
0.000000 0.000000 0.000000
0.000000 0.000000 0.000000
0.000000 0.000000 0.000000
-0.185765 0.982582 0.004960 0.041657 0.012919 -0.999048 -0.981711 -0.185381 -0.043331
-0.185765 0.982582 0.004960 0.041657 0.012919 -0.999048 -0.981711 -0.185381 -0.043331
0.403835 0.000000 -0.914833 -0.914834 0.000000 -0.403832 0.000000 1.000000 0.000000
-0.185820 0.000000 -0.982584 0.982584 0.000000 -0.185820 0.000000 -1.000000 0.000000
-6.760579 -1.237768 -0.287912
-6.764865 -1.238503 0.000000
-6.764865 -1.238503 0.000000
0.000000 0.000000 0.000000
1064580920
1064544896
Locator 23
1064580920
1 1 0 1 1 0 1.000000
1064578040 0 1063751168 1064568576 0
1.000000 1.000000 1.000000
0.000000 0.000000 0.000000
0.000000 0.000000 0.000000
0.000000 0.000000 0.000000
-0.185765 0.982582 0.004960 0.041657 0.012919 -0.999048 -0.981711 -0.185381 -0.043331
-0.185765 0.982582 0.004960 0.041657 0.012919 -0.999048 -0.981711 -0.185381 -0.043331
-0.185821 0.000000 -0.982585 0.982586 0.000000 -0.185818 0.000000 -1.000000 0.000000
-0.185820 0.000000 -0.982584 0.982584 0.000000 -0.185820 0.000000 -1.000000 0.000000
-8.146013 -1.499386 -0.349063
-8.151531 -1.500740 0.000000
-8.151531 -1.500740 0.000000
0.000000 0.000000 0.000000
1064581280
Locator 24
1064581280
0 1 0 1 1 1 1.000000
1064580920 0 1063751168 1064568712 0
1.000000 1.000000 1.000000
0.000000 0.000000 0.000000
0.000000 0.000000 0.000000
0.000000 0.000000 0.000000
0.047565 0.998757 0.014898 0.041657 0.012919 -0.999048 -0.997999 0.048140 -0.040991
0.047565 0.998757 0.014898 0.041657 0.012919 -0.999048 -0.997999 0.048140 -0.040991
-0.185821 0.000000 -0.982585 0.982586 0.000000 -0.185818 0.000000 -1.000000 0.000000
0.047719 -0.000000 -0.998861 0.998861 0.000000 0.047719 0.000000 -1.000000 0.000000
-8.146013 -1.499386 -0.349063
-8.151531 -1.500740 0.000000
-8.151531 -1.500740 0.000000
0.000000 0.000000 0.000000
1064578760
1064545248
Locator 25
1064578760
1 1 0 1 1 0 1.000000
1064581280 0 1063751168 1064568712 0
1.000000 1.000000 1.000000
0.000000 0.000000 0.000000
0.000000 0.000000 0.000000
0.000000 0.000000 0.000000
0.047565 0.998757 0.014898 0.041657 0.012919 -0.999048 -0.997999 0.048140 -0.040991
0.047565 0.998757 0.014898 0.041657 0.012919 -0.999048 -0.997999 0.048140 -0.040991
0.047718 -0.000000 -0.998862 0.998862 0.000000 0.047722 0.000000 -1.000000 0.000000
0.047719 -0.000000 -0.998861 0.998861 0.000000 0.047719 0.000000 -1.000000 0.000000
-9.836536 -1.417841 -0.418497
-9.843514 -1.419908 0.000000
-9.843514 -1.419908 0.000000
0.000000 0.000000 0.000000
1064579480
Locator 26
1064579480
0 1 0 1 1 1 1.000000
1064578760 0 1063751168 1064569936 0
1.000000 1.000000 1.000000
0.000000 0.000000 0.000000
0.000000 0.000000 0.000000
0.000000 0.000000 0.000000
0.302899 0.952696 0.024949 0.041657 0.012919 -0.999048 -0.952112 0.303650 -0.035773
0.302899 0.952696 0.024949 0.041657 0.012919 -0.999048 -0.952112 0.303650 -0.035773
0.047718 -0.000000 -0.998862 0.998862 0.000000 0.047722 0.000000 -1.000000 0.000000
0.303274 -0.000000 -0.952903 0.952903 0.000000 0.303274 0.000000 -1.000000 0.000000
-9.836536 -1.417841 -0.418497
-9.843514 -1.419908 0.000000
-9.843514 -1.419908 0.000000
0.000000 0.000000 0.000000
1064580200
1064549600
Locator 27
1064580200
1 0 0 1 1 0 1.000000
1064579480 0 1063751168 1064569936 0
1.000000 1.000000 1.000000
0.000000 0.000000 0.000000
0.000000 0.000000 0.000000
0.000000 0.000000 0.000000
0.302899 0.952696 0.024949 0.041657 0.012919 -0.999048 -0.952112 0.303650 -0.035773
0.302899 0.952696 0.024949 0.041657 0.012919 -0.999048 -0.952112 0.303650 -0.035773
0.303273 -0.000000 -0.952905 0.952903 0.000000 0.303277 0.000000 -1.000000 0.000000
0.303274 -0.000000 -0.952903 0.952903 0.000000 0.303274 0.000000 -1.000000 0.000000
-11.302591 -0.950283 -0.473581
-11.310787 -0.952929 0.000000
-11.310787 -0.952929 0.000000
0.000000 0.000000 0.000000
IK B 33
1064594448
3 1 0 1 1 0 1.000000
1064575480 0 1063751168 0 1064571496
1.000000 1.000000 1.000000
1.000000 1.000000 1.000000
0.000000 0.000000 0.000000
0.000000 0.000000 0.000000
0.297657 -0.953691 -0.043343 -0.028771 -0.054342 0.998108 -0.954240 -0.295846 -0.043614
0.297657 -0.953691 -0.043343 -0.028771 -0.054342 0.998108 -0.954240 -0.295846 -0.043614
1.000000 0.000000 0.000000 0.000000 1.000000 0.000000 0.000000 0.000000 1.000000
0.296284 0.000000 -0.955100 -0.955100 0.000000 -0.296284 0.000000 1.000000 0.000000
-11.302590 -0.950284 -0.473581
-11.310819 -0.952933 0.000000
-11.310787 -0.952929 0.000000
0.000000 0.000000 0.000000
1064598768
Locator 28
1064598768
0 1 0 1 1 1 1.000000
1064594448 0 1063751168 1064568440 0
1.041226 1.041226 1.041226
1.041226 1.041226 1.041226
-0.051918 0.056267 0.000000
0.000000 0.000000 0.000000
0.639063 0.819614 0.063046 0.058004 0.034697 -1.039030 -0.819985 0.641235 -0.024362
0.613760 0.787163 0.060549 0.055707 0.033323 -0.997891 -0.787521 0.615844 -0.023398
0.296285 0.000000 -0.955101 -0.955101 0.000000 -0.296281 0.000000 1.000000 0.000000
0.585561 0.000000 -0.810629 0.810628 0.000000 0.585564 0.000000 -1.000000 0.000000
-11.302590 -0.950284 -0.473581
-11.310819 -0.952933 0.000000
-11.310787 -0.952929 0.000000
0.000000 0.000000 0.000000
1064596608
1064549968
Locator 29
1064596608
1 1 0 1 1 0 1.000000
1064598768 0 1063751168 1064568440 0
1.000000 1.000000 1.000000
1.041226 1.041226 1.041226
0.000000 0.000000 0.000000
0.000000 0.000000 0.000000
0.639063 0.819614 0.063046 0.058004 0.034697 -1.039030 -0.819985 0.641235 -0.024362
0.613760 0.787163 0.060549 0.055707 0.033323 -0.997891 -0.787521 0.615844 -0.023398
0.585561 0.000000 -0.810631 0.810629 0.000000 0.585566 0.000000 -1.000000 0.000000
0.585561 0.000000 -0.810629 0.810628 0.000000 0.585564 0.000000 -1.000000 0.000000
-12.539255 0.016798 -0.510323
-12.548028 0.012661 -0.053645
-12.533330 -0.069818 0.000000
0.000000 0.000000 0.000000
1064599488
Locator 30
1064599488
0 1 0 1 1 1 1.000000
1064596608 0 1063751168 1064569528 0
1.000000 1.000000 1.000000
1.041226 1.041226 1.041226
0.000000 0.000000 0.000000
0.000000 0.000000 0.000000
0.845693 0.603659 0.067369 0.058004 0.034697 -1.039030 -0.604629 0.847670 -0.005446
0.812210 0.579759 0.064702 0.055707 0.033323 -0.997891 -0.580696 0.814111 -0.005231
0.585561 0.000000 -0.810631 0.810629 0.000000 0.585566 0.000000 -1.000000 0.000000
0.791738 0.000000 -0.610861 0.610860 0.000000 0.791741 0.000000 -1.000000 0.000000
-12.539255 0.016798 -0.510323
-12.548028 0.012661 -0.053645
-12.533330 -0.069818 0.000000
0.000000 0.000000 0.000000
1064598048
1064551800
Locator 31
1064598048
1 0 0 1 1 0 1.000000
1064599488 0 1063751168 1064569528 0
1.000000 1.000000 1.000000
1.041226 1.041226 1.041226
0.000000 0.000000 0.000000
0.000000 0.000000 0.000000
0.845693 0.603659 0.067369 0.058004 0.034697 -1.039030 -0.604629 0.847670 -0.005446
0.812210 0.579759 0.064702 0.055707 0.033323 -0.997891 -0.580696 0.814111 -0.005231
0.791738 0.000000 -0.610862 0.610860 0.000000 0.791744 0.000000 -1.000000 0.000000
0.791738 0.000000 -0.610861 0.610860 0.000000 0.791741 0.000000 -1.000000 0.000000
-13.389999 1.209513 -0.517986
-13.398640 1.204529 -0.101631
-13.392816 1.044169 0.000000
0.000000 0.000000 0.000000

