Poses
1
Default 0
859074712
1094635192
14
1
1.000000 1.000000 1.000000
1.000000 1.000000 1.000000
0.000000 0.000000 0.000000
-0.000435 -0.006620 -0.999978 -1.000000 -0.000068 0.000435 -0.000071 0.999978 -0.006620
-0.000435 -0.006620 -0.999978 -1.000000 -0.000068 0.000435 -0.000071 0.999978 -0.006620
-0.000435 -1.000000 -0.000071 -0.006620 -0.000068 0.999978 -0.999978 0.000435 -0.006620
-0.187457 -3.442384 0.000000
0.000000 0.000000 0.000000
4
1
1.000000 1.000000 1.000000
1.000000 1.000000 1.000000
0.000000 0.000000 0.000000
-0.555665 -0.707030 0.437430 0.614397 0.005267 0.788979 -0.560136 0.707164 0.431471
-0.000435 -1.000000 -0.000071 -0.006620 -0.000068 0.999978 -0.999978 0.000435 -0.006620
-0.555665 0.614397 -0.560136 -0.707030 0.005267 0.707164 0.437430 0.788979 0.431471
-0.187457 -3.442384 0.000000
0.000000 0.000000 0.000000
0
1
1.000000 1.000000 1.000000
1.000000 1.000000 1.000000
0.000000 0.000000 0.000000
-0.555665 -0.707030 0.437430 0.614397 0.005267 0.788979 -0.560136 0.707164 0.431471
-0.555665 0.614398 -0.560136 -0.707030 0.005267 0.707162 0.437430 0.788979 0.431471
-0.555665 0.614397 -0.560136 -0.707030 0.005267 0.707164 0.437430 0.788979 0.431471
-0.994202 -2.423880 0.621433
0.000000 0.000000 0.000000
1
1
1.000000 1.000000 1.000000
1.000000 1.000000 1.000000
0.000000 0.000000 0.000000
-0.918382 -0.395676 -0.003841 -0.007034 0.006619 0.999953 -0.395632 0.918366 -0.008862
-0.555665 0.614398 -0.560136 -0.707030 0.005267 0.707162 0.437430 0.788979 0.431471
-0.918382 -0.007034 -0.395632 -0.395676 0.006619 0.918366 -0.003841 0.999953 -0.008862
-0.994202 -2.423880 0.621433
0.000000 0.000000 0.000000
0
1
1.000000 1.000000 1.000000
1.000000 1.000000 1.000000
0.000000 0.000000 0.000000
-0.918382 -0.395676 -0.003841 -0.007034 0.006619 0.999953 -0.395632 0.918366 -0.008862
-0.918382 -0.007033 -0.395632 -0.395676 0.006619 0.918366 -0.003841 0.999953 -0.008862
-0.918382 -0.007034 -0.395632 -0.395676 0.006619 0.918366 -0.003841 0.999953 -0.008862
-1.471699 -1.315485 0.610737
0.000000 0.000000 0.000000
1
1
1.000000 1.000000 1.000000
1.000000 1.000000 1.000000
0.000000 0.000000 0.000000
-0.239026 -0.422650 -0.874204 -0.964798 0.001672 0.262988 -0.109690 0.906291 -0.408172
-0.918382 -0.007033 -0.395632 -0.395676 0.006619 0.918366 -0.003841 0.999953 -0.008862
-0.239026 -0.964798 -0.109690 -0.422650 0.001672 0.906291 -0.874204 0.262988 -0.408172
-1.471699 -1.315485 0.610737
0.000000 0.000000 0.000000
0
1
1.000000 1.000000 1.000000
1.000000 1.000000 1.000000
0.000000 0.000000 0.000000
-0.239026 -0.422650 -0.874204 -0.964798 0.001672 0.262988 -0.109690 0.906291 -0.408172
-0.239027 -0.964799 -0.109690 -0.422650 0.001672 0.906291 -0.874204 0.262987 -0.408171
-0.239026 -0.964798 -0.109690 -0.422650 0.001672 0.906291 -0.874204 0.262988 -0.408172
-1.636071 0.042606 -0.000914
0.000000 0.000000 0.000000
1
1
1.000000 1.000000 1.000000
1.000000 1.000000 1.000000
0.000000 0.000000 0.000000
0.110558 -0.455885 -0.883145 -0.992311 -0.000890 -0.123764 0.055636 0.890038 -0.452478
-0.239027 -0.964799 -0.109690 -0.422650 0.001672 0.906291 -0.874204 0.262987 -0.408171
0.110558 -0.992311 0.055636 -0.455885 -0.000890 0.890038 -0.883145 -0.123764 -0.452478
-1.636071 0.042606 -0.000914
0.000000 0.000000 0.000000
0
1
1.000000 1.000000 1.000000
1.000000 1.000000 1.000000
0.000000 0.000000 0.000000
0.110558 -0.455885 -0.883145 -0.992311 -0.000890 -0.123764 0.055636 0.890038 -0.452478
0.110557 -0.992311 0.055636 -0.455885 -0.000890 0.890038 -0.883144 -0.123764 -0.452478
0.110558 -0.992311 0.055636 -0.455885 -0.000890 0.890038 -0.883145 -0.123764 -0.452478
-1.545459 1.492167 -0.737843
0.000000 0.000000 0.000000
1
1
1.000000 1.000000 1.000000
1.000000 1.000000 1.000000
0.000000 0.000000 0.000000
0.856984 -0.482316 0.181518 0.203725 -0.006467 -0.979007 0.473365 0.875973 0.092718
0.110557 -0.992311 0.055636 -0.455885 -0.000890 0.890038 -0.883144 -0.123764 -0.452478
0.856984 0.203725 0.473365 -0.482316 -0.006467 0.875973 0.181518 -0.979007 0.092718
-1.545459 1.492167 -0.737843
0.000000 0.000000 0.000000
0
1
1.000000 1.000000 1.000000
1.000000 1.000000 1.000000
0.000000 0.000000 0.000000
0.856984 -0.482316 0.181518 0.203725 -0.006467 -0.979007 0.473365 0.875973 0.092718
0.856983 0.203725 0.473365 -0.482316 -0.006466 0.875973 0.181518 -0.979007 0.092718
0.856984 0.203725 0.473365 -0.482316 -0.006467 0.875973 0.181518 -0.979007 0.092718
-1.015581 2.472719 -0.634056
0.000000 0.000000 0.000000
1
1
1.000000 1.000000 1.000000
1.000000 1.000000 1.000000
0.000000 0.000000 0.000000
0.379384 -0.882339 0.278471 0.583618 -0.005334 -0.812011 0.717954 0.470584 0.512925
0.856983 0.203725 0.473365 -0.482316 -0.006466 0.875973 0.181518 -0.979007 0.092718
0.379384 0.583618 0.717954 -0.882339 -0.005334 0.470584 0.278471 -0.812011 0.512925
-1.015581 2.472719 -0.634056
0.000000 0.000000 0.000000
0
1
1.000000 1.000000 1.000000
1.000000 1.000000 1.000000
0.000000 0.000000 0.000000
0.379384 -0.882339 0.278471 0.583618 -0.005334 -0.812011 0.717954 0.470584 0.512925
0.379383 0.583618 0.717953 -0.882339 -0.005334 0.470584 0.278471 -0.812011 0.512925
0.379384 0.583618 0.717954 -0.882339 -0.005334 0.470584 0.278471 -0.812011 0.512925
-0.187917 3.015213 -0.042751
0.000000 0.000000 0.000000
1
1
1.000000 1.000000 1.000000
1.000000 1.000000 1.000000
0.000000 0.000000 0.000000
-0.000435 -0.006620 -0.999978 -1.000000 -0.000068 0.000435 -0.000071 0.999978 -0.006620
1.000000 0.000000 -0.000000 0.000000 1.000000 0.000000 -0.000000 0.000000 1.000000
-0.000435 -1.000000 -0.000071 -0.006620 -0.000068 0.999978 -0.999978 0.000435 -0.006620
-0.187917 3.015213 -0.042751
0.000000 0.000000 0.000000
3

