Bones
24
Bone 0
816942664
0
0.556497 -0.123264 0.821655 -0.827969 -0.000000 0.560774 -0.069123 -0.992374 -0.102058
0.556497 -0.123264 0.821655 -0.827969 0.000000 0.560774 -0.069123 -0.992374 -0.102058
1029174264 1029174672 957542080
0 0.180998
0
Bone 1
816942800
816942664
-0.540811 0.830037 0.136242 -0.084195 0.107741 -0.990608 -0.836920 -0.547202 0.011617
-0.291329 0.524176 -0.800229 -0.874073 -0.485796 -0.000000 -0.388748 0.699458 0.599694
1029175080 1029175488 957542080
0 0.261389
0
Bone 2
816942936
816942800
0.133110 0.264322 0.955205 -0.990038 -0.009170 0.140501 0.045896 -0.964391 0.260468
0.134977 0.951029 -0.278074 -0.990078 0.140519 -0.000000 0.039075 0.275315 0.960560
1029176304 1029176712 957542080
1 0.898958
956559704
Bone 3
816939128
816942936
-0.135043 0.344272 -0.929107 0.990038 0.009170 -0.140501 -0.039851 -0.938825 -0.342080
-0.814465 -0.000000 -0.580213 0.000000 -1.000000 0.000000 -0.580213 -0.000000 0.814465
1029177120 1029178384 957542080
2 0.755565
956559704
Bone 4
1029155448
816939128
0.028845 0.586329 0.809560 -0.999178 0.039994 0.006635 -0.028488 -0.809085 0.587000
0.032992 0.800424 -0.598526 -0.998870 0.005909 -0.047157 -0.034209 0.599405 0.799714
1029180424 1029179200 957542080
0 0.256011
0
Bone 5
1029156672
1029155448
0.088460 0.922277 0.376270 -0.995849 0.073757 0.053334 0.021436 -0.379426 0.924974
0.847923 -0.049005 -0.527850 0.057698 0.998334 0.000001 0.526972 -0.030456 0.849337
1029180832 1029180016 957542080
0 0.209575
0
Bone 6
1029157352
816942664
0.450366 0.860098 0.239585 -0.360065 -0.070589 0.930253 0.817021 -0.505221 0.277900
0.341464 -0.238536 -0.909121 0.572673 0.819784 -0.000000 0.745283 -0.520629 0.416531
1029179608 1029177568 957542080
0 0.287831
0
Bone 7
1029157080
1029157352
-0.014972 0.196195 0.980451 -0.999783 0.011281 -0.017524 -0.014498 -0.980500 0.195984
-0.016957 0.965427 -0.260121 -0.999846 -0.017561 0.000000 -0.004568 0.260081 0.965576
1029183304 1029184528 957542080
1 0.885690
956559416
Bone 8
1029155584
1029157080
0.020474 0.374405 -0.927039 0.999783 -0.011281 0.017524 -0.003896 -0.927197 -0.374555
-0.835766 0.000000 -0.549086 -0.000000 -1.000000 -0.000000 -0.549086 0.000000 0.835766
1029188608 1029187384 957542080
2 0.736571
956559416
Bone 9
1029158984
1029155584
0.029764 0.662841 0.748169 -0.998257 -0.018452 0.056061 0.050964 -0.748533 0.661136
0.023051 0.702916 -0.710900 -0.998019 0.057820 0.024809 0.058542 0.708919 0.702856
1029184936 1029182080 957542080
0 0.213367
0
Bone 10
1029156128
1029158984
0.003401 0.786934 0.617027 -0.998618 -0.029687 0.043367 0.052445 -0.616322 0.785746
0.983354 0.016676 -0.180934 -0.016955 0.999856 -0.000000 0.180908 0.003068 0.983495
1029185752 1029186568 957542080
0 0.229894
0
Bone 11
1029157896
816942664
-1.000000 -0.000000 0.000000 0.000000 -0.062378 0.998053 0.000000 0.998053 0.062378
-0.556497 0.827969 0.069123 0.827744 0.559682 -0.039957 -0.071771 0.034980 -0.996808
1029186160 1029184120 957542080
0 0.239635
0
Bone 12
1029158168
1029157896
0.000000 -0.088927 0.996038 1.000000 0.000000 -0.000000 0.000000 0.996038 0.088932
0.000000 0.999646 -0.026623 -1.000000 0.000000 0.000000 0.000000 0.026628 0.999646
1029189016 1029188200 957542080
0 0.280139
0
Bone 13
1029155720
1029158168
0.000000 -0.097888 -0.995197 -1.000000 0.000000 -0.000000 0.000000 0.995197 -0.097888
-0.982549 0.000000 -0.186005 -0.000000 -1.000000 0.000000 -0.186000 0.000000 0.982549
1029183712 1029189424 957542080
0 0.305409
0
Bone 14
1029158848
1029155720
0.000000 -0.267644 0.963518 1.000000 0.000000 -0.000000 0.000000 0.963518 0.267644
-0.932691 -0.000000 -0.360675 0.000000 -1.000000 0.000000 -0.360675 0.000000 0.932691
1029182896 1029182488 957542080
0 0.186168
0
Bone 15
1029156264
1029158848
0.000000 0.094176 -0.995556 -1.000000 0.000000 0.000000 0.000000 0.995556 0.094174
-0.984442 0.000000 -0.175714 0.000000 -1.000000 0.000000 -0.175716 0.000000 0.984441
1029185344 1029181672 957542080
0 0.370363
0
Bone 16
1029155176
1029155720
0.350870 -0.930570 0.104544 -0.036884 0.097822 0.994520 -0.935697 -0.352804 0.000000
-0.012950 -0.350870 -0.936334 -0.999319 0.036884 0.000001 0.034535 0.935697 -0.351109
1029186976 1029202360 957542080
0 0.324829
0
Bone 17
1029156944
1029155176
-0.682988 0.389220 -0.618090 0.654326 -0.050062 -0.754553 -0.324630 -0.919783 -0.220485
-0.769310 -0.596820 -0.227963 0.612960 -0.790114 0.000000 -0.180117 -0.139732 0.973670
1029201952 1029206032 957542080
1 0.644647
956560280
Bone 18
1029156400
1029156944
0.756212 0.043317 0.652891 -0.654326 0.050062 0.754553 0.000000 -0.997806 0.066201
-0.903169 -0.000000 -0.429284 0.000000 -1.000000 0.000000 -0.429284 -0.000000 0.903169
1029201136 1029199096 957542080
2 0.692886
956560280
Bone 19
1029156536
1029156400
0.045043 0.375345 -0.925790 0.998747 0.003313 0.049936 0.021810 -0.926879 -0.374726
-0.066153 -0.948963 -0.308371 0.985829 -0.014412 -0.167131 0.154156 -0.315058 0.936469
1029200320 1029204808 957542080
0 0.228453
0
Bone 20
1029156808
1029155720
-0.314542 -0.943625 0.103128 -0.032612 -0.097836 -0.994668 0.948683 -0.316228 0.000000
-0.010263 0.314542 -0.949188 0.999468 0.032612 -0.000000 0.030955 -0.948683 -0.314709
1029201544 1029199504 957542080
0 0.299375
0
Bone 21
1029157216
1029156808
0.661770 0.387980 -0.641508 0.673751 0.067520 0.735867 0.328816 -0.919191 -0.216720
-0.753384 0.622151 -0.212933 -0.636754 -0.771067 0.000000 -0.164186 0.135586 0.977067
1029203176 1029205216 957542080
1 0.666746
956559992
Bone 22
1029157488
1029157216
-0.738392 0.022554 0.673994 -0.673751 -0.067520 -0.735867 0.028911 -0.997463 0.065052
-0.912268 0.000000 -0.409595 0.000000 -1.000000 -0.000000 -0.409595 -0.000000 0.912268
1029203584 1029199912 957542080
2 0.689356
956559992
Bone 23
1029158576
1029157488
-0.296113 0.363148 -0.883426 0.948989 0.006948 -0.315232 -0.108338 -0.931705 -0.346681
0.179248 0.922013 -0.343166 -0.948639 0.254410 0.188038 0.260679 0.291835 0.920260
1029206848 1029206440 957542080
0 0.229960
0

