ikChains
4
ikChain 0
956559416
957542080
2
1029157080
1029155584
1.622261
0.003891 -0.015306 -0.231858
-0.014637 -0.978629 0.205114
0.231252 0.407329 0.003537
0.211596 -0.453272 0.217237
-0.999783 0.011281 -0.017524
-0.000682 -0.067297 -0.004438
-0.003667 -0.922945 -0.384915
0.211596 -0.453272 0.217237
0.206942 -1.144238 -0.040789
0.999783 -0.011281 0.017524
1029177976
1029187792
0.999949 -0.010128 -0.000001 -0.000664 -0.065706 0.997839 -0.010106 -0.997788 -0.065709
0.999839 -0.015904 0.008334 -0.008783 -0.028418 0.999558 -0.015684 -1.001008 -0.028597
0.000000 1.554814
-0.010105 -0.997782 -0.065799
1 0
855823728 1029164160
ikChain 1
956559704
957542080
2
816942936
816939128
1.654523
-0.034902 -0.031882 -0.248014
0.007072 -0.999856 -0.015422
-0.227256 0.409465 0.045261
-0.204310 -0.453641 0.449139
-0.990038 -0.009170 0.140501
0.000552 -0.077994 -0.001203
0.007073 -0.999856 -0.015423
-0.204310 -0.453641 0.449139
-0.185024 -1.179072 0.788594
0.990038 0.009170 -0.140501
1029175896
1029178792
0.999975 0.007073 0.000001 0.000108 -0.015422 0.999881 0.007072 -0.999856 -0.015423
0.984595 0.018010 -0.017452 0.008171 0.417599 0.891965 0.025525 -0.960118 0.449273
0.000000 1.576518
0.007072 -0.999856 -0.015423
1 0
855823408 855823648
ikChain 2
956559992
957542080
2
1029157216
1029157488
1.356102
-0.098981 -0.041027 0.094390
0.679454 -0.448110 -0.580982
0.276502 1.459663 -0.065314
0.440691 1.040657 -0.576309
0.673751 0.067520 0.735867
0.005423 -0.029489 -0.002260
-0.448968 -0.753541 0.480213
0.440691 1.040657 -0.576309
0.834194 0.777242 -0.053082
-0.673751 -0.067520 -0.735867
1029202768
1029205624
-0.983167 -0.175865 0.049533 -0.060574 0.057976 -0.996479 0.172374 -0.982706 -0.067653
-0.331312 -0.254472 0.908557 -0.699915 -0.579472 -0.417530 0.669793 -0.819593 0.014690
0.000000 1.326033
0.180363 -0.980725 -0.075151
0 1
0 0
ikChain 3
956560280
957542080
2
1029156944
1029156400
1.337533
0.105879 -0.041586 0.094574
-0.277484 -0.944099 -0.177988
-0.291868 1.439732 0.085159
-0.489668 0.843047 -0.042543
0.654326 -0.050062 -0.754553
-0.005251 -0.032223 -0.002415
-0.047758 -0.998550 0.024837
-0.489668 0.843047 -0.042543
-0.513214 0.155399 -0.086300
-0.654326 0.050062 0.754553
1029203992
1029204400
0.984969 -0.164495 0.052710 -0.064024 -0.064251 0.995878 -0.160431 -0.984283 -0.073816
0.970227 -0.139974 -0.204027 0.181087 -0.160909 0.971533 -0.167527 -0.972053 -0.129770
0.000000 1.304796
-0.160387 -0.984293 -0.073778
0 1
0 0

