Transformers
63
Object 7
1029173448
0 0 0 0 1 0 1.000000 0
785403328 956560616 0 0 0 0
1.000000 1.000000 1.000000
1.000000 1.000000 1.000000
0.000000 0.000000 0.000000
0.000000 0.000000 0.000000
1.000000 0.000000 0.000000 0.000000 1.000000 0.000000 0.000000 0.000000 1.000000
1.000000 0.000000 0.000000 0.000000 1.000000 0.000000 0.000000 0.000000 1.000000
1.000000 0.000000 0.000000 0.000000 1.000000 0.000000 0.000000 0.000000 1.000000
1.000000 0.000000 0.000000 0.000000 1.000000 0.000000 0.000000 0.000000 1.000000
0.000000 0.000000 0.000000
0.000000 0.000000 0.000000
0.000000 0.000000 0.000000
0.000000 0.000000 0.000000
Locator 8
1029173856
4 1 0 1 1 0 0.110000 0
785403328 0 957542080 0 0 0
1.000000 1.000000 1.000000
1.000000 1.000000 1.000000
0.000000 0.000000 0.000000
0.000000 0.000000 0.000000
1.000000 0.000000 0.000000 0.000000 1.000000 0.000000 0.000000 0.000000 1.000000
1.000000 0.000000 0.000000 0.000000 1.000000 0.000000 0.000000 0.000000 1.000000
1.000000 0.000000 0.000000 0.000000 1.000000 0.000000 0.000000 0.000000 1.000000
1.000000 0.000000 0.000000 0.000000 1.000000 0.000000 0.000000 0.000000 1.000000
0.332213 0.667876 0.233795
0.000000 0.000000 0.000000
0.000000 0.732163 0.000000
0.000000 0.000000 0.000000
1029174264
Locator 9
1029174264
0 2 0 1 1 2 0.110000 0
1029173856 0 957542080 816942664 0 0
1.000000 1.000000 1.000000
1.000000 1.000000 1.000000
0.000000 0.000000 0.000000
0.000000 0.000000 0.000000
0.556497 -0.123264 0.821655 -0.827969 -0.000000 0.560774 -0.069123 -0.992374 -0.102058
0.556497 -0.123264 0.821655 -0.827969 -0.000000 0.560774 -0.069123 -0.992374 -0.102058
1.000000 0.000000 0.000000 0.000000 1.000000 0.000000 0.000000 0.000000 1.000000
0.556497 -0.827969 -0.069123 -0.123264 -0.000000 -0.992374 0.821655 0.560774 -0.102058
0.332213 0.667876 0.233795
0.000000 0.000000 0.000000
0.000000 0.732163 0.000000
0.000000 0.000000 0.000000
1029174672
1029186160
956533336
1029124776
Locator 10
1029174672
1 2 0 1 1 0 0.110000 0
1029174264 0 957542080 816942664 0 0
1.000000 1.000000 1.000000
1.000000 1.000000 1.000000
0.000000 0.000000 0.000000
0.000000 0.000000 0.000000
0.556497 -0.123264 0.821655 -0.827969 -0.000000 0.560774 -0.069123 -0.992374 -0.102058
0.556497 -0.123264 0.821655 -0.827969 -0.000000 0.560774 -0.069123 -0.992374 -0.102058
0.556490 -0.827969 -0.069119 -0.123272 -0.000003 -0.992374 0.821655 0.560781 -0.102050
0.556497 -0.827969 -0.069123 -0.123264 -0.000000 -0.992374 0.821655 0.560774 -0.102058
0.319702 0.488257 0.215323
0.000000 0.000000 0.000000
-0.012511 0.552545 -0.018472
0.000000 0.000000 0.000000
1029175080
1029179608
Locator 11
1029175080
0 1 0 1 1 2 0.110000 0
1029174672 0 957542080 816942800 0 0
1.000000 1.000000 1.000000
1.000000 1.000000 1.000000
0.000000 0.000000 0.000000
0.000000 0.000000 0.000000
-0.540811 0.830037 0.136242 -0.084195 0.107741 -0.990608 -0.836920 -0.547202 0.011617
-0.540811 0.830037 0.136242 -0.084195 0.107741 -0.990608 -0.836920 -0.547202 0.011617
0.556490 -0.827969 -0.069119 -0.123272 -0.000003 -0.992374 0.821655 0.560781 -0.102050
-0.540811 -0.084195 -0.836920 0.830037 0.107741 -0.547202 0.136242 -0.990608 0.011617
0.319702 0.488257 0.215323
0.000000 0.000000 0.000000
-0.012511 0.552545 -0.018472
0.000000 0.000000 0.000000
1029175488
956483648
1029126056
Locator 12
1029175488
1 1 0 1 1 0 0.110000 0
1029175080 0 957542080 816942800 0 0
1.000000 1.000000 1.000000
1.000000 1.000000 1.000000
0.000000 0.000000 0.000000
0.000000 0.000000 0.000000
-0.540811 0.830037 0.136242 -0.084195 0.107741 -0.990608 -0.836920 -0.547202 0.011617
-0.540811 0.830037 0.136242 -0.084195 0.107741 -0.990608 -0.836920 -0.547202 0.011617
-0.540814 -0.084202 -0.836923 0.830034 0.107741 -0.547199 0.136239 -0.990619 0.011613
-0.540811 -0.084195 -0.836920 0.830037 0.107741 -0.547202 0.136242 -0.990608 0.011617
0.100940 0.345225 0.218359
0.000000 0.000000 0.000000
-0.231273 0.409513 -0.015436
0.000000 0.000000 0.000000
1029175896
IK A 59
1029175896
2 2 0 1 1 0 0.110000 0
1029175488 0 957542080 0 956559704 855823648
1.000000 1.000000 1.000000
1.000000 1.000000 1.000000
0.000000 0.000000 0.000000
0.000000 0.000000 0.000000
0.905060 -0.278359 0.321531 -0.348916 -0.053752 0.935611 -0.243153 -0.958972 -0.145773
0.905060 -0.278359 0.321531 -0.348916 -0.053752 0.935611 -0.243153 -0.958972 -0.145773
-0.676709 -0.424703 -0.601409 0.271551 -0.903238 0.332298 -0.684343 0.061556 0.726557
0.999975 0.000109 0.007072 0.007073 -0.015422 -0.999856 0.000000 0.999881 -0.015423
0.100940 0.345225 0.218359
0.000000 0.000000 0.000000
-0.231273 0.409513 -0.015436
0.000000 0.000000 0.000000
1029176304
1029178792
Locator 13
1029176304
0 1 1 1 1 2 0.110000 0
1029175896 0 957542080 816942936 0 0
1.000000 1.000000 1.000000
1.000000 1.000000 1.000000
0.000000 0.000000 0.000000
0.000000 0.000000 0.000000
-0.218272 -0.092332 0.971488 -0.945089 0.268038 -0.186866 -0.243153 -0.958972 -0.145773
-0.218272 -0.092332 0.971488 -0.945089 0.268038 -0.186866 -0.243153 -0.958972 -0.145773
0.999976 0.000110 0.007072 0.007073 -0.015421 -0.999855 0.000002 0.999885 -0.015423
0.133110 -0.990038 0.045896 0.264322 -0.009170 -0.964391 0.955205 0.140501 0.260468
0.100940 0.345225 0.218359
0.000000 0.000000 0.000000
-0.231273 0.409513 -0.015436
0.000000 0.000000 0.000000
1029176712
956483712
1029124264
Locator 14
1029176712
1 1 0 1 1 0 0.110000 0
1029176304 0 957542080 816942936 0 0
1.000000 1.000000 1.000000
1.000000 1.000000 1.000000
0.000000 0.000000 0.000000
0.000000 0.000000 0.000000
-0.218272 -0.092332 0.971488 -0.945089 0.268038 -0.186866 -0.243153 -0.958972 -0.145773
-0.218272 -0.092332 0.971488 -0.945089 0.268038 -0.186866 -0.243153 -0.958972 -0.145773
0.133108 -0.990038 0.045896 0.264321 -0.009170 -0.964391 0.955205 0.140503 0.260469
0.133110 -0.990038 0.045896 0.264322 -0.009170 -0.964391 0.955205 0.140501 0.260468
-0.117663 -0.516924 0.087304
0.000000 0.000000 0.000000
-0.190014 -0.457434 0.218714
0.000000 0.000000 0.000000
1029177120
Locator 15
1029177120
0 1 0 1 1 2 0.110000 0
1029176712 0 957542080 816939128 0 0
1.000000 1.000000 1.000000
1.000000 1.000000 1.000000
0.000000 0.000000 0.000000
0.000000 0.000000 0.000000
0.218272 0.092332 -0.971488 0.945089 -0.268038 0.186866 -0.243152 -0.958972 -0.145773
0.218272 0.092332 -0.971488 0.945089 -0.268038 0.186866 -0.243152 -0.958972 -0.145773
0.133108 -0.990038 0.045896 0.264321 -0.009170 -0.964391 0.955205 0.140503 0.260469
-0.135043 0.990038 -0.039851 0.344272 0.009170 -0.938825 -0.929107 -0.140501 -0.342080
-0.117663 -0.516924 0.087304
0.000000 0.000000 0.000000
-0.190014 -0.457434 0.218714
0.000000 0.000000 0.000000
1029178384
855445960
1029125736
Locator 16
1029178384
1 0 0 1 1 0 0.110000 0
1029177120 0 957542080 816939128 0 0
1.000000 1.000000 1.000000
1.000000 1.000000 1.000000
0.000000 0.000000 0.000000
0.000000 0.000000 0.000000
0.218272 0.092332 -0.971488 0.945089 -0.268038 0.186866 -0.243152 -0.958972 -0.145773
0.218272 0.092332 -0.971488 0.945089 -0.268038 0.186866 -0.243152 -0.958972 -0.145773
-0.135043 0.990036 -0.039851 0.344271 0.009170 -0.938824 -0.929108 -0.140501 -0.342077
-0.135043 0.990038 -0.039851 0.344272 0.009170 -0.938825 -0.929107 -0.140501 -0.342080
-0.301396 -1.241553 -0.022847
0.000000 0.000000 0.000000
-0.220124 -1.166778 -0.039750
0.000000 0.000000 0.000000
IK B 60
1029178792
5 1 0 1 1 0 0.110000 0
1029175896 0 957542080 0 956559704 855823408
1.000000 1.000000 1.000000
1.000000 1.000000 1.000000
0.000000 0.000000 0.000000
0.000000 0.000000 0.000000
0.905060 -0.278359 0.321531 -0.348916 -0.053752 0.935611 -0.243153 -0.958972 -0.145773
0.905060 -0.278359 0.321531 -0.348916 -0.053752 0.935611 -0.243153 -0.958972 -0.145773
1.000000 0.000000 0.000000 0.000000 1.000000 -0.000000 0.000000 -0.000000 1.000000
0.999975 0.000109 0.007072 0.007073 -0.015422 -0.999856 0.000000 0.999881 -0.015423
-0.301396 -1.241553 -0.022847
0.000000 0.000000 0.000000
-0.220124 -1.166778 -0.039750
0.000000 0.000000 0.000000
1029180424
Locator 17
1029180424
0 1 0 1 1 2 0.110000 0
1029178792 0 957542080 1029155448 0 0
1.000000 1.000000 1.000000
1.000000 1.000000 1.000000
0.000000 0.000000 0.000000
0.000000 0.000000 0.000000
-0.103889 0.521762 0.846742 -0.894633 0.322949 -0.308766 -0.434557 -0.789600 0.433233
-0.103889 0.521762 0.846742 -0.894633 0.322949 -0.308766 -0.434557 -0.789600 0.433233
0.999974 0.000110 0.007072 0.007073 -0.015421 -0.999854 0.000001 0.999884 -0.015422
0.028845 -0.999178 -0.028488 0.586329 0.039994 -0.809085 0.809560 0.006635 0.587000
-0.301396 -1.241553 -0.022847
0.000000 0.000000 0.000000
-0.220124 -1.166778 -0.039750
0.000000 0.000000 0.000000
1029179200
855446024
1029126120
Locator 18
1029179200
1 1 0 1 1 0 0.110000 0
1029180424 0 957542080 1029155448 0 0
1.000000 1.000000 1.000000
1.000000 1.000000 1.000000
0.000000 0.000000 0.000000
0.000000 0.000000 0.000000
-0.103889 0.521762 0.846742 -0.894633 0.322949 -0.308766 -0.434557 -0.789600 0.433233
-0.103889 0.521762 0.846742 -0.894633 0.322949 -0.308766 -0.434557 -0.789600 0.433233
0.028848 -0.999181 -0.028496 0.586336 0.039986 -0.809077 0.809571 0.006638 0.586995
0.028845 -0.999178 -0.028488 0.586329 0.039994 -0.809085 0.809560 0.006635 0.587000
-0.412647 -1.443699 0.088066
0.000000 0.000000 0.000000
-0.227417 -1.373913 0.110528
0.000000 0.000000 0.000000
1029180832
Locator 19
1029180832
0 1 0 1 1 1 0.110000 0
1029179200 0 957542080 1029156672 0 0
1.000000 1.000000 1.000000
1.000000 1.000000 1.000000
0.000000 0.000000 0.000000
0.000000 0.000000 0.000000
0.185132 0.843378 0.504421 -0.899137 0.352515 -0.259396 -0.396585 -0.405519 0.823574
0.185132 0.843378 0.504421 -0.899137 0.352515 -0.259396 -0.396585 -0.405519 0.823574
0.028848 -0.999181 -0.028496 0.586336 0.039986 -0.809077 0.809571 0.006638 0.586995
0.088460 -0.995849 0.021436 0.922277 0.073757 -0.379426 0.376270 0.053334 0.924974
-0.412647 -1.443699 0.088066
0.000000 0.000000 0.000000
-0.227417 -1.373913 0.110528
0.000000 0.000000 0.000000
1029180016
855446088
Locator 20
1029180016
1 0 0 1 1 0 0.110000 0
1029180832 0 957542080 1029156672 0 0
1.000000 1.000000 1.000000
1.000000 1.000000 1.000000
0.000000 0.000000 0.000000
0.000000 0.000000 0.000000
0.185132 0.843378 0.504421 -0.899137 0.352515 -0.259396 -0.396585 -0.405519 0.823574
0.185132 0.843378 0.504421 -0.899137 0.352515 -0.259396 -0.396585 -0.405519 0.823574
0.088463 -0.995849 0.021433 0.922266 0.073753 -0.379426 0.376271 0.053334 0.924982
0.088460 -0.995849 0.021436 0.922277 0.073757 -0.379426 0.376270 0.053334 0.924974
-0.495761 -1.528686 0.260666
0.000000 0.000000 0.000000
-0.222924 -1.453431 0.304379
0.000000 0.000000 0.000000
Locator 21
1029179608
0 1 0 1 1 2 0.110000 0
1029174672 0 957542080 1029157352 0 0
1.000000 1.000000 1.000000
1.000000 1.000000 1.000000
0.000000 0.000000 0.000000
0.000000 0.000000 0.000000
0.450366 0.860098 0.239585 -0.360065 -0.070589 0.930253 0.817021 -0.505221 0.277900
0.450366 0.860098 0.239585 -0.360065 -0.070589 0.930253 0.817021 -0.505221 0.277900
0.556490 -0.827969 -0.069119 -0.123272 -0.000003 -0.992374 0.821655 0.560781 -0.102050
0.450366 -0.360065 0.817021 0.860098 -0.070589 -0.505221 0.239585 0.930253 0.277900
0.319702 0.488257 0.215323
0.000000 0.000000 0.000000
-0.012511 0.552545 -0.018472
0.000000 0.000000 0.000000
1029177568
855446152
1029124520
Locator 22
1029177568
1 1 0 1 1 0 0.110000 0
1029179608 0 957542080 1029157352 0 0
1.000000 1.000000 1.000000
1.000000 1.000000 1.000000
0.000000 0.000000 0.000000
0.000000 0.000000 0.000000
0.450366 0.860098 0.239585 -0.360065 -0.070589 0.930253 0.817021 -0.505221 0.277900
0.450366 0.860098 0.239585 -0.360065 -0.070589 0.930253 0.817021 -0.505221 0.277900
0.450356 -0.360068 0.817021 0.860091 -0.070586 -0.505224 0.239582 0.930256 0.277896
0.450366 -0.360065 0.817021 0.860098 -0.070589 -0.505221 0.239585 0.930253 0.277900
0.554866 0.342839 0.295311
0.000000 0.000000 0.000000
0.222653 0.407127 0.061516
0.000000 0.000000 0.000000
1029177976
IK A 57
1029177976
2 2 0 1 1 0 0.110000 0
1029177568 0 957542080 0 956559416 1029164160
1.000000 1.000000 1.000000
1.000000 1.000000 1.000000
0.000000 0.000000 0.000000
0.000000 0.000000 0.000000
0.999193 -0.032527 0.023585 -0.028348 -0.154758 0.987546 -0.028472 -0.987417 -0.155556
0.999193 -0.032527 0.023585 -0.028348 -0.154758 0.987546 -0.028472 -0.987417 -0.155556
0.427676 -0.335538 0.839349 0.090727 0.939799 0.329465 -0.899367 -0.064753 0.432372
0.999949 -0.000666 -0.010105 -0.010127 -0.065795 -0.997782 0.000000 0.997833 -0.065799
0.554866 0.342839 0.295311
0.000000 0.000000 0.000000
0.222653 0.407127 0.061516
0.000000 0.000000 0.000000
1029183304
1029187792
Locator 23
1029183304
0 1 1 1 1 2 0.110000 0
1029177976 0 957542080 1029157080 0 0
1.000000 1.000000 1.000000
1.000000 1.000000 1.000000
0.000000 0.000000 0.000000
0.000000 0.000000 0.000000
-0.039169 0.050986 0.999765 -1.000368 0.035304 -0.040993 -0.037249 -0.998082 0.049441
-0.039169 0.050986 0.999765 -1.000368 0.035304 -0.040993 -0.037249 -0.998082 0.049441
0.999947 -0.000667 -0.010103 -0.010128 -0.065796 -0.997781 -0.000001 0.997833 -0.065799
-0.014972 -0.999783 -0.014498 0.196195 0.011281 -0.980500 0.980451 -0.017524 0.195984
0.554866 0.342839 0.295311
0.000000 0.000000 0.000000
0.222653 0.407127 0.061516
0.000000 0.000000 0.000000
1029184528
855446216
1029124840
Locator 24
1029184528
1 1 0 1 1 0 0.110000 0
1029183304 0 957542080 1029157080 0 0
1.000000 1.000000 1.000000
1.000000 1.000000 1.000000
0.000000 0.000000 0.000000
0.000000 0.000000 0.000000
-0.039169 0.050986 0.999765 -1.000368 0.035304 -0.040993 -0.037249 -0.998082 0.049441
-0.039169 0.050986 0.999765 -1.000368 0.035304 -0.040993 -0.037249 -0.998082 0.049441
-0.014971 -0.999782 -0.014499 0.196196 0.011281 -0.980500 0.980450 -0.017525 0.195983
-0.014972 -0.999783 -0.014498 0.196195 0.011281 -0.980500 0.980451 -0.017524 0.195984
0.522104 -0.535016 0.338796
0.000000 0.000000 0.000000
0.209812 -0.461292 0.235097
0.000000 0.000000 0.000000
1029188608
Locator 25
1029188608
0 1 0 1 1 2 0.110000 0
1029184528 0 957542080 1029155584 0 0
1.000000 1.000000 1.000000
1.000000 1.000000 1.000000
0.000000 0.000000 0.000000
0.000000 0.000000 0.000000
0.051568 0.392771 -0.920182 1.000368 -0.035304 0.040993 -0.016325 -0.919267 -0.393295
0.051568 0.392771 -0.920182 1.000368 -0.035304 0.040993 -0.016325 -0.919267 -0.393295
-0.014971 -0.999782 -0.014499 0.196196 0.011281 -0.980500 0.980450 -0.017525 0.195983
0.020474 0.999783 -0.003896 0.374405 -0.011281 -0.927197 -0.927039 0.017524 -0.374555
0.522104 -0.535016 0.338796
0.000000 0.000000 0.000000
0.209812 -0.461292 0.235097
0.000000 0.000000 0.000000
1029187384
1029125800
1029125480
Locator 26
1029187384
1 0 0 1 1 0 0.110000 0
1029188608 0 957542080 1029155584 0 0
1.000000 1.000000 1.000000
1.000000 1.000000 1.000000
0.000000 0.000000 0.000000
0.000000 0.000000 0.000000
0.051568 0.392771 -0.920182 1.000368 -0.035304 0.040993 -0.016325 -0.919267 -0.393295
0.051568 0.392771 -0.920182 1.000368 -0.035304 0.040993 -0.016325 -0.919267 -0.393295
0.020473 0.999783 -0.003896 0.374406 -0.011282 -0.927197 -0.927040 0.017525 -0.374553
0.020474 0.999783 -0.003896 0.374405 -0.011281 -0.927197 -0.927039 0.017524 -0.374555
0.510161 -1.207535 0.051068
0.000000 0.000000 0.000000
0.206942 -1.144238 -0.040789
0.000000 0.000000 0.000000
IK B 58
1029187792
5 1 0 1 1 0 0.110000 0
1029177976 0 957542080 0 956559416 855823728
1.000000 1.000000 1.000000
1.000000 1.000000 1.000000
0.000000 0.000000 0.000000
0.000000 0.000000 0.000000
0.999193 -0.032527 0.023585 -0.028348 -0.154758 0.987546 -0.028472 -0.987417 -0.155556
0.999193 -0.032527 0.023585 -0.028348 -0.154758 0.987546 -0.028472 -0.987417 -0.155556
1.000000 -0.000000 0.000000 -0.000000 1.000000 0.000000 0.000000 0.000000 1.000000
0.999949 -0.000666 -0.010105 -0.010127 -0.065795 -0.997782 0.000000 0.997833 -0.065799
0.510161 -1.207535 0.051068
0.000000 0.000000 0.000000
0.206942 -1.144238 -0.040789
0.000000 0.000000 0.000000
1029184936
Locator 27
1029184936
0 1 0 1 1 2 0.110000 0
1029187792 0 957542080 1029158984 0 0
1.000000 1.000000 1.000000
1.000000 1.000000 1.000000
0.000000 0.000000 0.000000
0.000000 0.000000 0.000000
0.023346 0.592423 0.805290 -0.999559 -0.000982 0.029702 0.018386 -0.805627 0.592137
0.023346 0.592423 0.805290 -0.999559 -0.000982 0.029702 0.018386 -0.805627 0.592137
0.999949 -0.000665 -0.010104 -0.010127 -0.065797 -0.997781 0.000000 0.997833 -0.065797
0.029764 -0.998257 0.050964 0.662841 -0.018452 -0.748533 0.748169 0.056061 0.661136
0.510161 -1.207535 0.051068
0.000000 0.000000 0.000000
0.206942 -1.144238 -0.040789
0.000000 0.000000 0.000000
1029182080
1029125352
1029124968
Locator 28
1029182080
1 1 0 1 1 0 0.110000 0
1029184936 0 957542080 1029158984 0 0
1.000000 1.000000 1.000000
1.000000 1.000000 1.000000
0.000000 0.000000 0.000000
0.000000 0.000000 0.000000
0.023346 0.592423 0.805290 -0.999559 -0.000982 0.029702 0.018386 -0.805627 0.592137
0.023346 0.592423 0.805290 -0.999559 -0.000982 0.029702 0.018386 -0.805627 0.592137
0.029761 -0.998260 0.050956 0.662849 -0.018455 -0.748533 0.748177 0.056069 0.661135
0.029764 -0.998257 0.050964 0.662841 -0.018452 -0.748533 0.748169 0.056061 0.661136
0.514084 -1.379429 0.177411
0.000000 0.000000 0.000000
0.217816 -1.303950 0.100276
0.000000 0.000000 0.000000
1029185752
Locator 29
1029185752
0 1 0 1 1 2 0.110000 0
1029182080 0 957542080 1029156128 0 0
1.000000 1.000000 1.000000
1.000000 1.000000 1.000000
0.000000 0.000000 0.000000
0.000000 0.000000 0.000000
0.002962 0.728310 0.685242 -0.999810 -0.011026 0.016044 0.019240 -0.685159 0.728139
0.002962 0.728310 0.685242 -0.999810 -0.011026 0.016044 0.019240 -0.685159 0.728139
0.029761 -0.998260 0.050956 0.662849 -0.018455 -0.748533 0.748177 0.056069 0.661135
0.003401 -0.998618 0.052445 0.786934 -0.029687 -0.616322 0.617027 0.043367 0.785746
0.514084 -1.379429 0.177411
0.000000 0.000000 0.000000
0.217816 -1.303950 0.100276
0.000000 0.000000 0.000000
1029186568
1029125544
1029125032
Locator 30
1029186568
1 0 0 1 1 0 0.110000 0
1029185752 0 957542080 1029156128 0 0
1.000000 1.000000 1.000000
1.000000 1.000000 1.000000
0.000000 0.000000 0.000000
0.000000 0.000000 0.000000
0.002962 0.728310 0.685242 -0.999810 -0.011026 0.016044 0.019240 -0.685159 0.728139
0.002962 0.728310 0.685242 -0.999810 -0.011026 0.016044 0.019240 -0.685159 0.728139
0.003394 -0.998618 0.052448 0.786925 -0.029679 -0.616323 0.617021 0.043367 0.785746
0.003401 -0.998618 0.052445 0.786934 -0.029687 -0.616322 0.617027 0.043367 0.785746
0.518507 -1.536943 0.344806
0.000000 0.000000 0.000000
0.229873 -1.445639 0.280914
0.000000 0.000000 0.000000
Locator 31
1029186160
0 1 0 1 1 2 0.110000 0
1029174264 0 957542080 1029157896 0 0
1.000000 1.000000 1.000000
1.000000 1.000000 1.000000
0.000000 0.000000 0.000000
0.000000 0.000000 0.000000
-1.000000 -0.000000 0.000000 0.000000 -0.062378 0.998053 0.000000 0.998053 0.062378
-1.000000 -0.000000 0.000000 0.000000 -0.062378 0.998053 0.000000 0.998053 0.062378
0.556490 -0.827969 -0.069119 -0.123272 -0.000003 -0.992374 0.821655 0.560781 -0.102050
-1.000000 0.000000 0.000000 -0.000000 -0.062378 0.998053 0.000000 0.998053 0.062378
0.332213 0.667876 0.233795
0.000000 0.000000 0.000000
0.000000 0.732163 0.000000
0.000000 0.000000 0.000000
1029184120
1029126184
1029125160
Locator 32
1029184120
1 1 0 1 1 0 0.110000 0
1029186160 0 957542080 1029157896 0 0
1.000000 1.000000 1.000000
1.000000 1.000000 1.000000
0.000000 0.000000 0.000000
0.000000 0.000000 0.000000
-1.000000 -0.000000 0.000000 0.000000 -0.062378 0.998053 0.000000 0.998053 0.062378
-1.000000 -0.000000 0.000000 0.000000 -0.062378 0.998053 0.000000 0.998053 0.062378
-1.000000 0.000000 0.000000 0.000000 -0.062378 0.998061 0.000000 0.998061 0.062378
-1.000000 0.000000 0.000000 -0.000000 -0.062378 0.998053 0.000000 0.998053 0.062378
0.332213 0.907043 0.248743
0.000000 0.000000 0.000000
0.000000 0.971331 0.014948
0.000000 0.000000 0.000000
1029189016
Locator 33
1029189016
0 1 0 1 1 2 0.110000 0
1029184120 0 957542080 1029158168 0 0
1.000000 1.000000 1.000000
1.000000 1.000000 1.000000
0.000000 0.000000 0.000000
0.000000 0.000000 0.000000
0.000000 -0.088927 0.996038 1.000000 0.000000 -0.000000 0.000000 0.996038 0.088932
0.000000 -0.088927 0.996038 1.000000 0.000000 -0.000000 0.000000 0.996038 0.088932
-1.000000 0.000000 0.000000 0.000000 -0.062378 0.998061 0.000000 0.998061 0.062378
0.000000 1.000000 0.000000 -0.088927 0.000000 0.996038 0.996038 -0.000000 0.088932
0.332213 0.907043 0.248743
0.000000 0.000000 0.000000
0.000000 0.971331 0.014948
0.000000 0.000000 0.000000
1029188200
1029125928
1029125224
Locator 34
1029188200
1 1 0 1 1 0 0.110000 0
1029189016 0 957542080 1029158168 0 0
1.000000 1.000000 1.000000
1.000000 1.000000 1.000000
0.000000 0.000000 0.000000
0.000000 0.000000 0.000000
0.000000 -0.088927 0.996038 1.000000 0.000000 -0.000000 0.000000 0.996038 0.088932
0.000000 -0.088927 0.996038 1.000000 0.000000 -0.000000 0.000000 0.996038 0.088932
0.000000 1.000000 0.000000 -0.088868 0.000000 0.996040 0.996042 0.000000 0.088991
0.000000 1.000000 0.000000 -0.088927 0.000000 0.996038 0.996038 -0.000000 0.088932
0.332213 1.186072 0.273656
0.000000 0.000000 0.000000
0.000000 1.250360 0.039861
0.000000 0.000000 0.000000
1029183712
Locator 35
1029183712
0 1 0 1 1 1 0.110000 0
1029188200 0 957542080 1029155720 0 0
1.000000 1.000000 1.000000
1.000000 1.000000 1.000000
0.000000 0.000000 0.000000
0.000000 0.000000 0.000000
0.000000 -0.097888 -0.995197 -1.000000 0.000000 -0.000000 0.000000 0.995197 -0.097888
0.000000 -0.097888 -0.995197 -1.000000 0.000000 -0.000000 0.000000 0.995197 -0.097888
0.000000 1.000000 0.000000 -0.088868 0.000000 0.996040 0.996042 0.000000 0.088991
0.000000 -1.000000 0.000000 -0.097888 0.000000 0.995197 -0.995197 -0.000000 -0.097888
0.332213 1.186072 0.273656
0.000000 0.000000 0.000000
0.000000 1.250360 0.039861
0.000000 0.000000 0.000000
1029189424
1029125416
Locator 36
1029189424
1 3 0 1 1 0 0.110000 0
1029183712 0 957542080 1029155720 0 0
1.000000 1.000000 1.000000
1.000000 1.000000 1.000000
0.000000 0.000000 0.000000
0.000000 0.000000 0.000000
0.000000 -0.097888 -0.995197 -1.000000 0.000000 -0.000000 0.000000 0.995197 -0.097888
0.000000 -0.097888 -0.995197 -1.000000 0.000000 -0.000000 0.000000 0.995197 -0.097888
0.000000 -1.000000 0.000000 -0.097887 0.000000 0.995187 -0.995188 0.000000 -0.097889
0.000000 -1.000000 0.000000 -0.097888 0.000000 0.995197 -0.995197 -0.000000 -0.097888
0.332213 1.490014 0.243760
0.000000 0.000000 0.000000
0.000000 1.554302 0.009965
0.000000 0.000000 0.000000
1029182896
1029186976
1029201544
Locator 37
1029182896
0 1 0 1 1 2 0.110000 0
1029189424 0 957542080 1029158848 0 0
1.000000 1.000000 1.000000
1.000000 1.000000 1.000000
0.000000 0.000000 0.000000
0.000000 0.000000 0.000000
0.000000 -0.267644 0.963518 1.000000 0.000000 -0.000000 0.000000 0.963518 0.267644
0.000000 -0.267644 0.963518 1.000000 0.000000 -0.000000 0.000000 0.963518 0.267644
0.000000 -1.000000 0.000000 -0.097887 0.000000 0.995187 -0.995188 0.000000 -0.097889
0.000000 1.000000 0.000000 -0.267644 0.000000 0.963518 0.963518 -0.000000 0.267644
0.332213 1.490014 0.243760
0.000000 0.000000 0.000000
0.000000 1.554302 0.009965
0.000000 0.000000 0.000000
1029182488
1029124904
1029136704
Locator 38
1029182488
1 1 0 1 1 0 0.110000 0
1029182896 0 957542080 1029158848 0 0
1.000000 1.000000 1.000000
1.000000 1.000000 1.000000
0.000000 0.000000 0.000000
0.000000 0.000000 0.000000
0.000000 -0.267644 0.963518 1.000000 0.000000 -0.000000 0.000000 0.963518 0.267644
0.000000 -0.267644 0.963518 1.000000 0.000000 -0.000000 0.000000 0.963518 0.267644
0.000000 1.000000 0.000000 -0.267644 0.000000 0.963521 0.963521 0.000000 0.267644
0.000000 1.000000 0.000000 -0.267644 0.000000 0.963518 0.963518 -0.000000 0.267644
0.332213 1.669390 0.293587
0.000000 0.000000 0.000000
0.000000 1.733678 0.059792
0.000000 0.000000 0.000000
1029185344
Locator 39
1029185344
0 1 0 1 1 1 0.110000 0
1029182488 0 957542080 1029156264 0 0
1.000000 1.000000 1.000000
1.000000 1.000000 1.000000
0.000000 0.000000 0.000000
0.000000 0.000000 0.000000
0.000000 0.094176 -0.995556 -1.000000 0.000000 0.000000 0.000000 0.995556 0.094174
0.000000 0.094176 -0.995556 -1.000000 0.000000 0.000000 0.000000 0.995556 0.094174
0.000000 1.000000 0.000000 -0.267644 0.000000 0.963521 0.963521 0.000000 0.267644
0.000000 -1.000000 0.000000 0.094176 0.000000 0.995556 -0.995556 0.000000 0.094174
0.332213 1.669390 0.293587
0.000000 0.000000 0.000000
0.000000 1.733678 0.059792
0.000000 0.000000 0.000000
1029181672
1029125096
Locator 40
1029181672
1 0 0 1 1 0 0.110000 0
1029185344 0 957542080 1029156264 0 0
1.000000 1.000000 1.000000
1.000000 1.000000 1.000000
0.000000 0.000000 0.000000
0.000000 0.000000 0.000000
0.000000 0.094176 -0.995556 -1.000000 0.000000 0.000000 0.000000 0.995556 0.094174
0.000000 0.094176 -0.995556 -1.000000 0.000000 0.000000 0.000000 0.995556 0.094174
0.000000 -1.000000 0.000000 0.094199 0.000000 0.995564 -0.995564 0.000000 0.094151
0.000000 -1.000000 0.000000 0.094176 0.000000 0.995556 -0.995556 0.000000 0.094174
0.332213 2.038108 0.328466
0.000000 0.000000 0.000000
0.000000 2.102395 0.094671
0.000000 0.000000 0.000000
Locator 41
1029186976
0 1 0 1 1 2 0.110000 0
1029189424 0 957542080 1029155176 0 0
1.000000 1.000000 1.000000
1.000000 1.000000 1.000000
0.000000 0.000000 0.000000
0.000000 0.000000 0.000000
0.350870 -0.930570 0.104544 -0.036884 0.097822 0.994520 -0.935697 -0.352804 0.000000
0.350870 -0.930570 0.104544 -0.036884 0.097822 0.994520 -0.935697 -0.352804 0.000000
0.000000 -1.000000 0.000000 -0.097887 0.000000 0.995187 -0.995188 0.000000 -0.097889
0.350870 -0.036884 -0.935697 -0.930570 0.097822 -0.352804 0.104544 0.994520 0.000000
0.332213 1.490014 0.243760
0.000000 0.000000 0.000000
0.000000 1.554302 0.009965
0.000000 0.000000 0.000000
1029202360
1029125864
1029137152
Locator 42
1029202360
1 1 0 1 1 0 0.110000 0
1029186976 0 957542080 1029155176 0 0
1.000000 1.000000 1.000000
1.000000 1.000000 1.000000
0.000000 0.000000 0.000000
0.000000 0.000000 0.000000
0.350870 -0.930570 0.104544 -0.036884 0.097822 0.994520 -0.935697 -0.352804 0.000000
0.350870 -0.930570 0.104544 -0.036884 0.097822 0.994520 -0.935697 -0.352804 0.000000
0.350862 -0.036888 -0.935689 -0.930571 0.097826 -0.352811 0.104536 0.994516 0.000003
0.350870 -0.036884 -0.935697 -0.930570 0.097822 -0.352804 0.104544 0.994520 0.000000
0.028271 1.375413 0.243760
0.000000 0.000000 0.000000
-0.303942 1.439701 0.009965
0.000000 0.000000 0.000000
1029203992
IK A 63
1029203992
2 2 0 1 1 0 0.110000 0
1029202360 0 957542080 0 956560280 0
1.000000 1.000000 1.000000
1.000000 1.000000 1.000000
0.000000 0.000000 0.000000
0.000000 0.000000 0.000000
0.984977 -0.164449 0.052705 -0.064010 -0.064216 0.995881 -0.160387 -0.984293 -0.073778
0.984977 -0.164449 0.052705 -0.064010 -0.064216 0.995881 -0.160387 -0.984293 -0.073778
0.504140 -0.000000 -0.863622 0.141412 0.986503 0.082550 0.851965 -0.163743 0.497336
0.984977 -0.064010 -0.160387 -0.164449 -0.064216 -0.984293 0.052705 0.995881 -0.073778
0.028271 1.375413 0.243760
0.000000 0.000000 0.000000
-0.303942 1.439701 0.009965
0.000000 0.000000 0.000000
1029201952
1029204400
Locator 43
1029201952
0 1 1 1 1 2 0.110000 0
1029203992 0 957542080 1029156944 0 0
1.000000 1.000000 1.000000
1.000000 1.000000 1.000000
0.000000 0.000000 0.000000
0.000000 0.000000 0.000000
-0.607022 0.444707 -0.647926 0.681651 -0.109447 -0.713737 -0.393812 -0.887293 -0.240047
-0.607022 0.444707 -0.647926 0.681651 -0.109447 -0.713737 -0.393812 -0.887293 -0.240047
0.984976 -0.064011 -0.160387 -0.164448 -0.064215 -0.984294 0.052704 0.995878 -0.073778
-0.682988 0.654326 -0.324630 0.389220 -0.050062 -0.919783 -0.618090 -0.754553 -0.220485
0.028271 1.375413 0.243760
0.000000 0.000000 0.000000
-0.303942 1.439701 0.009965
0.000000 0.000000 0.000000
1029206032
1029124392
1029137344
Locator 44
1029206032
1 1 0 1 1 0 0.110000 0
1029201952 0 957542080 1029156944 0 0
1.000000 1.000000 1.000000
1.000000 1.000000 1.000000
0.000000 0.000000 0.000000
0.000000 0.000000 0.000000
-0.607022 0.444707 -0.647926 0.681651 -0.109447 -0.713737 -0.393812 -0.887293 -0.240047
-0.607022 0.444707 -0.647926 0.681651 -0.109447 -0.713737 -0.393812 -0.887293 -0.240047
-0.682987 0.654328 -0.324632 0.389218 -0.050063 -0.919784 -0.618089 -0.754551 -0.220486
-0.682988 0.654326 -0.324630 0.389220 -0.050062 -0.919783 -0.618090 -0.754553 -0.220485
-0.232707 0.787407 0.084681
0.000000 0.000000 0.000000
-0.513214 0.846765 -0.132170
0.000000 0.000000 0.000000
1029201136
Locator 45
1029201136
0 1 0 1 1 2 0.110000 0
1029206032 0 957542080 1029156400 0 0
1.000000 1.000000 1.000000
1.000000 1.000000 1.000000
0.000000 0.000000 0.000000
0.000000 0.000000 0.000000
0.607022 -0.444706 0.647926 -0.681651 0.109447 0.713737 -0.393812 -0.887294 -0.240046
0.607022 -0.444706 0.647926 -0.681651 0.109447 0.713737 -0.393812 -0.887294 -0.240046
-0.682987 0.654328 -0.324632 0.389218 -0.050063 -0.919784 -0.618089 -0.754551 -0.220486
0.756212 -0.654326 0.000000 0.043317 0.050062 -0.997806 0.652891 0.754553 0.066201
-0.232707 0.787407 0.084681
0.000000 0.000000 0.000000
-0.513214 0.846765 -0.132170
0.000000 0.000000 0.000000
1029199096
1029125288
1029137984
Locator 46
1029199096
1 0 0 1 1 0 0.110000 0
1029201136 0 957542080 1029156400 0 0
1.000000 1.000000 1.000000
1.000000 1.000000 1.000000
0.000000 0.000000 0.000000
0.000000 0.000000 0.000000
0.607022 -0.444706 0.647926 -0.681651 0.109447 0.713737 -0.393812 -0.887294 -0.240046
0.607022 -0.444706 0.647926 -0.681651 0.109447 0.713737 -0.393812 -0.887294 -0.240046
0.756213 -0.654326 0.000000 0.043316 0.050061 -0.997805 0.652892 0.754554 0.066203
0.756212 -0.654326 0.000000 0.043317 0.050062 -0.997806 0.652891 0.754553 0.066201
-0.513214 0.155399 -0.086300
0.000000 0.000000 0.000000
-0.513214 0.155399 -0.086300
0.000000 0.000000 0.000000
IK B 64
1029204400
5 1 0 1 1 0 0.110000 0
1029203992 0 957542080 0 956560280 0
1.000000 1.000000 1.000000
1.000000 1.000000 1.000000
0.000000 0.000000 0.000000
0.000000 0.000000 0.000000
0.984977 -0.164449 0.052705 -0.064010 -0.064216 0.995881 -0.160387 -0.984293 -0.073778
0.984977 -0.164449 0.052705 -0.064010 -0.064216 0.995881 -0.160387 -0.984293 -0.073778
1.000000 0.000000 0.000000 0.000000 1.000000 0.000000 0.000000 0.000000 1.000000
0.984977 -0.064010 -0.160387 -0.164449 -0.064216 -0.984293 0.052705 0.995881 -0.073778
-0.513214 0.155399 -0.086300
0.000000 0.000000 0.000000
-0.513214 0.155399 -0.086300
0.000000 0.000000 0.000000
1029200320
Locator 47
1029200320
0 1 0 1 1 1 0.110000 0
1029204400 0 957542080 1029156536 0 0
1.000000 1.000000 1.000000
1.000000 1.000000 1.000000
0.000000 0.000000 0.000000
0.000000 0.000000 0.000000
0.045043 0.375345 -0.925790 0.998747 0.003313 0.049936 0.021810 -0.926879 -0.374726
0.045043 0.375345 -0.925790 0.998747 0.003313 0.049936 0.021810 -0.926879 -0.374726
0.984980 -0.064010 -0.160386 -0.164449 -0.064218 -0.984291 0.052707 0.995880 -0.073776
0.045043 0.998747 0.021810 0.375345 0.003313 -0.926879 -0.925790 0.049936 -0.374726
-0.513214 0.155399 -0.086300
0.000000 0.000000 0.000000
-0.513214 0.155399 -0.086300
0.000000 0.000000 0.000000
1029204808
1029125672
Locator 48
1029204808
1 0 0 1 1 0 0.110000 0
1029200320 0 957542080 1029156536 0 0
1.000000 1.000000 1.000000
1.000000 1.000000 1.000000
0.000000 0.000000 0.000000
0.000000 0.000000 0.000000
0.045043 0.375345 -0.925790 0.998747 0.003313 0.049936 0.021810 -0.926879 -0.374726
0.045043 0.375345 -0.925790 0.998747 0.003313 0.049936 0.021810 -0.926879 -0.374726
0.045042 0.998748 0.021807 0.375338 0.003316 -0.926876 -0.925791 0.049939 -0.374733
0.045043 0.998747 0.021810 0.375345 0.003313 -0.926879 -0.925790 0.049936 -0.374726
-0.508231 -0.056349 -0.171907
0.000000 0.000000 0.000000
-0.508231 -0.056349 -0.171907
0.000000 0.000000 0.000000
Locator 49
1029201544
0 1 0 1 1 2 0.110000 0
1029189424 0 957542080 1029156808 0 0
1.000000 1.000000 1.000000
1.000000 1.000000 1.000000
0.000000 0.000000 0.000000
0.000000 0.000000 0.000000
-0.314542 -0.943625 0.103128 -0.032612 -0.097836 -0.994668 0.948683 -0.316228 0.000000
-0.314542 -0.943625 0.103128 -0.032612 -0.097836 -0.994668 0.948683 -0.316228 0.000000
0.000000 -1.000000 0.000000 -0.097887 0.000000 0.995187 -0.995188 0.000000 -0.097889
-0.314542 -0.032612 0.948683 -0.943625 -0.097836 -0.316228 0.103128 -0.994668 0.000000
0.332213 1.490014 0.243760
0.000000 0.000000 0.000000
0.000000 1.554302 0.009965
0.000000 0.000000 0.000000
1029199504
1029125992
1029137856
Locator 50
1029199504
1 1 0 1 1 0 0.110000 0
1029201544 0 957542080 1029156808 0 0
1.000000 1.000000 1.000000
1.000000 1.000000 1.000000
0.000000 0.000000 0.000000
0.000000 0.000000 0.000000
-0.314542 -0.943625 0.103128 -0.032612 -0.097836 -0.994668 0.948683 -0.316228 0.000000
-0.314542 -0.943625 0.103128 -0.032612 -0.097836 -0.994668 0.948683 -0.316228 0.000000
-0.314542 -0.032612 0.948680 -0.943626 -0.097839 -0.316228 0.103125 -0.994667 -0.000000
-0.314542 -0.032612 0.948683 -0.943625 -0.097836 -0.316228 0.103128 -0.994668 0.000000
0.616225 1.395344 0.243760
0.000000 0.000000 0.000000
0.284012 1.459632 0.009965
0.000000 0.000000 0.000000
1029202768
IK A 61
1029202768
2 2 0 1 1 0 0.110000 0
1029199504 0 957542080 0 956559992 0
1.000000 1.000000 1.000000
1.000000 1.000000 1.000000
0.000000 0.000000 0.000000
0.000000 0.000000 0.000000
-0.981567 -0.184373 0.050318 -0.063204 0.064691 -0.995902 0.180363 -0.980725 -0.075151
-0.981567 -0.184373 0.050318 -0.063204 0.064691 -0.995902 0.180363 -0.980725 -0.075151
0.487912 -0.000001 -0.872892 -0.143869 0.986324 -0.080418 0.860955 0.164819 0.481240
-0.981567 -0.063204 0.180363 -0.184373 0.064691 -0.980725 0.050318 -0.995902 -0.075151
0.616225 1.395344 0.243760
0.000000 0.000000 0.000000
0.284012 1.459632 0.009965
0.000000 0.000000 0.000000
1029203176
1029205624
Locator 51
1029203176
0 1 1 1 1 2 0.110000 0
1029202768 0 957542080 1029157216 0 0
1.000000 1.000000 1.000000
1.000000 1.000000 1.000000
0.000000 0.000000 0.000000
0.000000 0.000000 0.000000
0.661770 0.387978 -0.641508 0.673751 0.067520 0.735867 0.328815 -0.919192 -0.216718
0.661770 0.387978 -0.641508 0.673751 0.067520 0.735867 0.328815 -0.919192 -0.216718
-0.981567 -0.063204 0.180362 -0.184374 0.064690 -0.980725 0.050317 -0.995901 -0.075152
0.661770 0.673751 0.328816 0.387980 0.067520 -0.919191 -0.641508 0.735867 -0.216720
0.616225 1.395344 0.243760
0.000000 0.000000 0.000000
0.284012 1.459632 0.009965
0.000000 0.000000 0.000000
1029205216
1029124712
1029137024
Locator 52
1029205216
1 1 0 1 1 0 0.110000 0
1029203176 0 957542080 1029157216 0 0
1.000000 1.000000 1.000000
1.000000 1.000000 1.000000
0.000000 0.000000 0.000000
0.000000 0.000000 0.000000
0.661770 0.387978 -0.641508 0.673751 0.067520 0.735867 0.328815 -0.919192 -0.216718
0.661770 0.387978 -0.641508 0.673751 0.067520 0.735867 0.328815 -0.919192 -0.216718
0.661769 0.673751 0.328815 0.387980 0.067521 -0.919191 -0.641509 0.735866 -0.216720
0.661770 0.673751 0.328816 0.387980 0.067520 -0.919191 -0.641508 0.735867 -0.216720
0.835461 0.782477 0.099264
0.000000 0.000000 0.000000
0.503249 0.846765 -0.134532
0.000000 0.000000 0.000000
1029203584
Locator 53
1029203584
0 1 0 1 1 2 0.110000 0
1029205216 0 957542080 1029157488 0 0
1.000000 1.000000 1.000000
1.000000 1.000000 1.000000
0.000000 0.000000 0.000000
0.000000 0.000000 0.000000
-0.738392 0.022552 0.673994 -0.673751 -0.067520 -0.735867 0.028913 -0.997463 0.065050
-0.738392 0.022552 0.673994 -0.673751 -0.067520 -0.735867 0.028913 -0.997463 0.065050
0.661769 0.673751 0.328815 0.387980 0.067521 -0.919191 -0.641509 0.735866 -0.216720
-0.738392 -0.673751 0.028911 0.022554 -0.067520 -0.997463 0.673994 -0.735867 0.065052
0.835461 0.782477 0.099264
0.000000 0.000000 0.000000
0.503249 0.846765 -0.134532
0.000000 0.000000 0.000000
1029199912
1029124456
1029136960
Locator 54
1029199912
1 0 0 1 1 0 0.110000 0
1029203584 0 957542080 1029157488 0 0
1.000000 1.000000 1.000000
1.000000 1.000000 1.000000
0.000000 0.000000 0.000000
0.000000 0.000000 0.000000
-0.738392 0.022552 0.673994 -0.673751 -0.067520 -0.735867 0.028913 -0.997463 0.065050
-0.738392 0.022552 0.673994 -0.673751 -0.067520 -0.735867 0.028913 -0.997463 0.065050
-0.738391 -0.673750 0.028912 0.022555 -0.067519 -0.997463 0.673994 -0.735867 0.065052
-0.738392 -0.673751 0.028911 0.022554 -0.067520 -0.997463 0.673994 -0.735867 0.065052
0.855392 0.094871 0.144107
0.000000 0.000000 0.000000
0.523179 0.159158 -0.089688
0.000000 0.000000 0.000000
IK B 62
1029205624
3 1 0 1 1 0 0.110000 0
1029202768 0 957542080 0 956559992 0
1.000000 1.000000 1.000000
1.000000 1.000000 1.000000
0.000000 0.000000 0.000000
0.000000 0.000000 0.000000
-0.981567 -0.184373 0.050318 -0.063204 0.064691 -0.995902 0.180363 -0.980725 -0.075151
-0.981567 -0.184373 0.050318 -0.063204 0.064691 -0.995902 0.180363 -0.980725 -0.075151
1.000000 -0.000000 -0.000000 -0.000000 1.000000 0.000000 -0.000000 0.000000 1.000000
-0.981567 -0.063204 0.180363 -0.184373 0.064691 -0.980725 0.050318 -0.995902 -0.075151
0.855392 0.094870 0.144107
0.000000 0.000000 0.000000
0.523179 0.159158 -0.089688
0.000000 0.000000 0.000000
1029206848
Locator 55
1029206848
0 1 0 1 1 1 0.110000 0
1029205624 0 957542080 1029158576 0 0
1.000000 1.000000 1.000000
1.000000 1.000000 1.000000
0.000000 0.000000 0.000000
0.000000 0.000000 0.000000
-0.296113 0.363148 -0.883426 0.948989 0.006948 -0.315232 -0.108338 -0.931705 -0.346681
-0.296113 0.363148 -0.883426 0.948989 0.006948 -0.315232 -0.108338 -0.931705 -0.346681
-0.981566 -0.063203 0.180364 -0.184372 0.064691 -0.980725 0.050317 -0.995901 -0.075151
-0.296113 0.948989 -0.108338 0.363148 0.006948 -0.931705 -0.883426 -0.315232 -0.346681
0.855392 0.094870 0.144107
0.000000 0.000000 0.000000
0.523179 0.159158 -0.089688
0.000000 0.000000 0.000000
1029206440
1029124584
Locator 56
1029206440
1 0 0 1 1 0 0.110000 0
1029206848 0 957542080 1029158576 0 0
1.000000 1.000000 1.000000
1.000000 1.000000 1.000000
0.000000 0.000000 0.000000
0.000000 0.000000 0.000000
-0.296113 0.363148 -0.883426 0.948989 0.006948 -0.315232 -0.108338 -0.931705 -0.346681
-0.296113 0.363148 -0.883426 0.948989 0.006948 -0.315232 -0.108338 -0.931705 -0.346681
-0.296124 0.948986 -0.108339 0.363148 0.006947 -0.931694 -0.883433 -0.315224 -0.346681
-0.296113 0.948989 -0.108338 0.363148 0.006948 -0.931705 -0.883426 -0.315232 -0.346681
0.830479 -0.119385 0.064385
0.000000 0.000000 0.000000
0.498266 -0.055097 -0.169410
0.000000 0.000000 0.000000
Object 65
1029200728
0 0 0 0 1 0 0.110000 0
785403328 957215768 0 0 0 0
1.000000 1.000000 1.000000
1.000000 1.000000 1.000000
0.000000 0.000000 0.000000
0.000000 0.000000 0.000000
1.000000 0.000000 0.000000 0.000000 1.000000 0.000000 0.000000 0.000000 1.000000
1.000000 0.000000 0.000000 0.000000 1.000000 0.000000 0.000000 0.000000 1.000000
1.000000 0.000000 0.000000 0.000000 1.000000 0.000000 0.000000 0.000000 1.000000
1.000000 0.000000 0.000000 0.000000 1.000000 0.000000 0.000000 0.000000 1.000000
0.000000 0.000000 0.000000
0.000000 0.000000 0.000000
0.000000 0.000000 0.000000
0.000000 0.000000 0.000000
Constraint 70
1029219984
0 1 0 1 1 0 0.220000 0
785403328 0 0 0 0 855823408
1.000000 1.000000 1.000000
1.000000 1.000000 1.000000
0.000000 0.000000 0.000000
0.000000 0.000000 0.000000
1.000000 0.000000 0.000000 0.000000 1.000000 0.000000 0.000000 0.000000 1.000000
1.000000 0.000000 0.000000 0.000000 1.000000 0.000000 0.000000 0.000000 1.000000
1.000000 0.000000 0.000000 0.000000 1.000000 0.000000 0.000000 0.000000 1.000000
1.000000 0.000000 0.000000 0.000000 1.000000 0.000000 0.000000 0.000000 1.000000
-0.220124 -1.166778 -0.039750
0.000000 0.000000 0.000000
-0.220124 -1.166778 -0.039750
0.000000 0.000000 0.000000
1029220392
Pole 71
1029220392
0 0 0 1 1 0 0.220000 0
1029219984 0 0 0 0 855823648
1.000000 1.000000 1.000000
1.000000 1.000000 1.000000
0.000000 0.000000 0.000000
0.000000 0.000000 0.000000
1.000000 0.000000 0.000000 0.000000 1.000000 0.000000 0.000000 0.000000 1.000000
1.000000 0.000000 0.000000 0.000000 1.000000 0.000000 0.000000 0.000000 1.000000
1.000000 0.000000 0.000000 0.000000 1.000000 0.000000 0.000000 0.000000 1.000000
