Bones
12
Bone 0
812483032
0
-0.560730 -0.827999 0.000000 0.000000 0.000000 1.000000 -0.827999 0.560730 0.000000
-0.560730 -0.827999 0.000000 0.000000 0.000000 1.000000 -0.827999 0.560730 0.000000
1063640040 1063648600 1062843072
0 1.625787
0
Bone 1
812483168
812483032
-0.331588 -0.943425 0.000000 0.000000 0.000000 1.000000 -0.943425 0.331589 0.000000
0.967086 0.000000 -0.254452 0.000000 1.000000 0.000000 0.254451 0.000000 0.967086
1063648960 1063649320 1062843072
0 1.487269
0
Bone 2
812483984
812483168
-0.149401 0.988777 0.000000 0.000000 0.000000 -1.000000 -0.988777 -0.149401 0.000000
-0.970619 0.000000 -0.240621 0.000000 -1.000000 -0.000000 -0.240621 0.000000 0.970619
1063649680 1063650040 1062843072
1 1.278334
1063732800
Bone 3
812483712
812483984
0.604551 -0.796566 0.000000 0.000000 0.000000 1.000000 -0.796566 -0.604551 0.000000
-0.877947 0.000000 -0.478758 0.000000 -1.000000 0.000000 -0.478758 -0.000000 0.877947
1063650400 1063650760 1062843072
3 1.471044
1063732800
Bone 4
812484256
812483712
0.765382 -0.643576 0.000000 0.000000 0.000000 1.000000 -0.643576 -0.765382 0.000000
0.975364 0.000000 -0.220602 0.000000 1.000000 0.000000 0.220602 0.000000 0.975364
1063651120 1063651480 1062843072
3 1.416848
1063732800
Bone 5
812484800
812484256
0.559870 -0.828581 0.000000 0.000000 0.000000 1.000000 -0.828581 -0.559870 0.000000
0.961769 0.000000 0.273862 0.000000 1.000000 0.000000 -0.273862 0.000000 0.961769
1063655120 1063654040 1062843072
3 1.302407
1063732800
Bone 6
1063632480
812484800
0.403833 -0.914833 0.000000 0.000000 0.000000 1.000000 -0.914833 -0.403833 0.000000
0.984107 0.000000 0.177578 0.000000 1.000000 0.000000 -0.177578 0.000000 0.984107
1063652600 1063652960 1062843072
3 1.458636
1063732800
Bone 7
1063632072
1063632480
-0.185820 0.982584 0.000000 0.000000 0.000000 -1.000000 -0.982584 -0.185820 0.000000
-0.973940 0.000000 -0.226806 0.000000 -1.000000 -0.000000 -0.226806 0.000000 0.973940
1063652240 1063655480 1062843072
3 1.411245
1063732800
Bone 8
1063632208
1063632072
0.047719 0.998861 0.000000 -0.000000 0.000000 -1.000000 -0.998861 0.047719 0.000000
0.972597 0.000000 -0.232496 0.000000 1.000000 0.000000 0.232496 0.000000 0.972597
1063654400 1063654760 1062843072
2 1.693913
1063732800
Bone 9
1063632344
1063632208
0.303272 0.952904 0.000000 0.000000 0.000000 -1.000000 -0.952905 0.303275 0.000000
-0.764138 0.000000 -0.645053 0.000000 -1.000000 -0.000000 -0.645057 0.000000 0.764137
1063653320 1063653680 1062843072
0 1.539792
0
Bone 10
1063632616
1063632344
0.585561 0.810628 0.000000 0.000000 0.000000 -1.000000 -0.810629 0.585564 0.000000
0.950035 0.000000 -0.312140 0.000000 1.000000 0.000000 0.312145 0.000000 0.950040
1063651880 1063662768 1062843072
0 1.508143
0
Bone 11
1063634384
1063632616
0.791738 0.610860 0.000000 0.000000 0.000000 -1.000000 -0.610861 0.791741 0.000000
0.958791 0.000000 -0.284109 0.000000 1.000000 0.000000 0.284111 0.000000 0.958797
1063663488 1063659888 1062843072
0 1.407012
0

