Bones
12
Bone 0
812942256
0
-0.560730 -0.827999 0.000000 0.000000 0.000000 1.000000 -0.827999 0.560730 0.000000
-0.560730 -0.827999 0.000000 0.000000 0.000000 1.000000 -0.827999 0.560730 0.000000
1093593912 1093602472 1092801472
0 1.625787
0
Bone 1
812943208
812942256
0.331588 0.943424 0.000000 -0.000000 0.000000 -1.000000 -0.943424 0.331588 0.000000
-0.844623 0.000000 -0.535362 -0.000000 -1.000000 0.000000 -0.535362 0.000000 0.844622
1093602832 1093603192 1092801472
1 1.487269
1092780000
Bone 2
812942528
812943208
-0.149401 0.988777 0.000000 0.000000 0.000000 -1.000000 -0.988777 -0.149401 0.000000
0.883296 0.000000 0.468816 0.000000 1.000000 0.000000 -0.468816 0.000000 0.883296
1093603552 1093603912 1092801472
3 1.278334
1092780000
Bone 3
812941440
812942528
0.604551 -0.796566 0.000000 0.000000 0.000000 1.000000 -0.796566 -0.604551 0.000000
-0.877947 0.000000 -0.478758 0.000000 -1.000000 0.000000 -0.478758 -0.000000 0.877947
1093604272 1093604632 1092801472
3 1.471044
1092780000
Bone 4
812942664
812941440
0.765382 -0.643576 0.000000 0.000000 0.000000 1.000000 -0.643576 -0.765382 0.000000
0.975364 0.000000 -0.220602 0.000000 1.000000 0.000000 0.220602 0.000000 0.975364
1093604992 1093605352 1092801472
3 1.416848
1092780000
Bone 5
812943344
812942664
0.559870 -0.828581 0.000000 0.000000 0.000000 1.000000 -0.828581 -0.559870 0.000000
0.961769 0.000000 0.273862 0.000000 1.000000 0.000000 -0.273862 0.000000 0.961769
1093605752 1093608632 1092801472
3 1.302407
1092780000
Bone 6
1093587800
812943344
0.403833 -0.914833 0.000000 0.000000 0.000000 1.000000 -0.914833 -0.403833 0.000000
0.984107 0.000000 0.177578 0.000000 1.000000 0.000000 -0.177578 0.000000 0.984107
1093608992 1093607552 1092801472
3 1.458636
1092780000
Bone 7
1093586304
1093587800
-0.185820 0.982584 0.000000 0.000000 0.000000 -1.000000 -0.982584 -0.185820 0.000000
-0.973940 0.000000 -0.226806 0.000000 -1.000000 -0.000000 -0.226806 0.000000 0.973940
1093606112 1093606472 1092801472
3 1.411245
1092780000
Bone 8
1093589840
1093586304
0.047719 0.998861 0.000000 -0.000000 0.000000 -1.000000 -0.998861 0.047719 0.000000
0.972597 0.000000 -0.232496 0.000000 1.000000 0.000000 0.232496 0.000000 0.972597
1093606832 1093609352 1092801472
3 1.693913
1092780000
Bone 9
1093586440
1093589840
0.303274 0.952903 0.000000 -0.000000 0.000000 -1.000000 -0.952903 0.303274 0.000000
0.966290 0.000000 -0.257457 0.000000 1.000000 0.000000 0.257457 0.000000 0.966290
1093607192 1093607912 1092801472
2 1.539792
1092780000
Bone 10
1093588752
1093586440
0.585561 0.810628 0.000000 0.000000 0.000000 -1.000000 -0.810629 0.585564 0.000000
-0.658086 0.000000 -0.752942 0.000000 -1.000000 -0.000000 -0.752945 0.000000 0.658087
1093608272 1093615560 1092801472
0 1.508143
0
Bone 11
1093589704
1093588752
0.791738 0.610860 0.000000 0.000000 0.000000 -1.000000 -0.610861 0.791741 0.000000
0.958791 0.000000 -0.284109 0.000000 1.000000 0.000000 0.284111 0.000000 0.958797
1093610880 1093613760 1092801472
0 1.407012
0

