Transformers
28
Object 6
1092801048
0 0 0 0 1 0
785139648 1092810392 0 0 0
1.000000 1.000000 1.000000
1.000000 1.000000 1.000000
0.000000 0.000000 0.000000
0.000000 0.000000 0.000000
1.000000 0.000000 0.000000 0.000000 1.000000 0.000000 0.000000 0.000000 1.000000
1.000000 0.000000 0.000000 0.000000 1.000000 0.000000 0.000000 0.000000 1.000000
1.000000 0.000000 0.000000 0.000000 1.000000 0.000000 0.000000 0.000000 1.000000
1.000000 0.000000 0.000000 0.000000 1.000000 0.000000 0.000000 0.000000 1.000000
0.000000 0.000000 0.000000
0.000000 0.000000 0.000000
0.000000 0.000000 0.000000
0.000000 0.000000 0.000000
Locator 7
1092780544
0 1 0 1 1 0
785139648 0 1092801472 0 0
1.000000 1.000000 1.000000
1.000000 1.000000 1.000000
0.000000 0.000000 0.000000
0.000000 0.000000 0.000000
1.000000 0.000000 0.000000 0.000000 1.000000 0.000000 0.000000 0.000000 1.000000
1.000000 0.000000 0.000000 0.000000 1.000000 0.000000 0.000000 0.000000 1.000000
1.000000 0.000000 0.000000 0.000000 1.000000 0.000000 0.000000 0.000000 1.000000
1.000000 0.000000 0.000000 0.000000 1.000000 0.000000 0.000000 0.000000 1.000000
1.745589 0.839670 0.000000
1.745589 0.839670 0.000000
1.745589 0.839670 0.000000
0.000000 0.000000 0.000000
1093593912
Locator 8
1093593912
0 1 0 1 1 1
1092780544 0 1092801472 812942256 0
1.000000 1.000000 1.000000
1.000000 1.000000 1.000000
0.000000 0.000000 0.000000
0.000000 0.000000 0.000000
-0.560730 -0.827999 0.000000 0.000000 0.000000 1.000000 -0.827999 0.560730 0.000000
-0.560730 -0.827999 0.000000 0.000000 0.000000 1.000000 -0.827999 0.560730 0.000000
1.000000 0.000000 0.000000 0.000000 1.000000 0.000000 0.000000 0.000000 1.000000
-0.560730 0.000000 -0.827999 -0.827999 0.000000 0.560730 0.000000 1.000000 0.000000
1.745589 0.839670 0.000000
1.745589 0.839670 0.000000
1.745589 0.839670 0.000000
0.000000 0.000000 0.000000
1093602472
1092808992
Locator 9
1093602472
1 1 0 1 1 0
1093593912 0 1092801472 812942256 0
1.000000 1.000000 1.000000
1.000000 1.000000 1.000000
0.000000 0.000000 0.000000
0.000000 0.000000 0.000000
-0.560730 -0.827999 0.000000 0.000000 0.000000 1.000000 -0.827999 0.560730 0.000000
-0.560730 -0.827999 0.000000 0.000000 0.000000 1.000000 -0.827999 0.560730 0.000000
-0.560730 0.000000 -0.827999 -0.827999 0.000000 0.560730 0.000000 1.000000 0.000000
-0.560730 0.000000 -0.827999 -0.827999 0.000000 0.560730 0.000000 1.000000 0.000000
0.399439 1.751297 0.000000
0.399439 1.751297 0.000000
0.399439 1.751297 0.000000
0.000000 0.000000 0.000000
1093615920
IK A 32
1093615920
2 2 0 1 1 0
1093602472 0 1092801472 0 1092780000
1.000000 1.000000 1.000000
1.000000 1.000000 1.000000
0.000000 0.000000 0.000000
0.000000 0.000000 0.000000
0.225007 -0.974358 0.000000 0.000000 0.000000 1.000000 -0.974358 -0.225007 0.000000
0.225007 -0.974358 0.000000 0.000000 0.000000 1.000000 -0.974358 -0.225007 0.000000
0.680599 0.000000 -0.732657 0.000000 1.000000 0.000000 0.732657 0.000000 0.680599
0.225007 0.000000 -0.974357 -0.974357 0.000000 -0.225007 0.000000 1.000000 0.000000
0.399439 1.751297 0.000000
0.000000 0.000000 0.000000
0.399439 1.751297 0.000000
0.000000 0.000000 0.000000
1093602832
1093616640
Locator 10
1093602832
0 1 0 1 1 1
1093615920 0 1092801472 812943208 0
1.000000 1.000000 1.000000
1.000000 1.000000 1.000000
0.000000 0.000000 0.000000
0.000000 0.000000 0.000000
0.331588 0.943424 0.000000 0.000000 0.000000 -1.000000 -0.943424 0.331588 0.000000
0.331588 0.943424 0.000000 0.000000 0.000000 -1.000000 -0.943424 0.331588 0.000000
0.225007 0.000000 -0.974358 -0.974358 0.000000 -0.225007 0.000000 1.000000 0.000000
0.331588 -0.000000 -0.943424 0.943424 0.000000 0.331588 0.000000 -1.000000 0.000000
0.399439 1.751297 0.000000
0.399439 1.751297 0.000000
0.399439 1.751297 0.000000
0.000000 0.000000 0.000000
1093603192
1092809248
Locator 11
1093603192
1 1 0 1 1 0
1093602832 0 1092801472 812943208 0
1.000000 1.000000 1.000000
1.000000 1.000000 1.000000
0.000000 0.000000 0.000000
0.000000 0.000000 0.000000
0.331588 0.943424 0.000000 0.000000 0.000000 -1.000000 -0.943424 0.331588 0.000000
0.331588 0.943424 0.000000 0.000000 0.000000 -1.000000 -0.943424 0.331588 0.000000
0.331588 -0.000000 -0.943424 0.943425 0.000000 0.331589 0.000000 -1.000000 0.000000
0.331588 -0.000000 -0.943424 0.943424 0.000000 0.331588 0.000000 -1.000000 0.000000
-1.003687 2.244458 0.000000
-1.003687 2.244458 0.000000
-1.003687 2.244458 0.000000
0.000000 0.000000 0.000000
1093603552
Locator 12
1093603552
0 1 0 1 1 1
1093603192 0 1092801472 812942528 0
1.000000 1.000000 1.000000
1.000000 1.000000 1.000000
0.000000 0.000000 0.000000
0.000000 0.000000 0.000000
-0.149401 0.988777 0.000000 0.000000 0.000000 -1.000000 -0.988777 -0.149401 0.000000
-0.149401 0.988777 0.000000 0.000000 0.000000 -1.000000 -0.988777 -0.149401 0.000000
0.331588 -0.000000 -0.943424 0.943425 0.000000 0.331589 0.000000 -1.000000 0.000000
-0.149401 0.000000 -0.988777 0.988777 0.000000 -0.149401 0.000000 -1.000000 0.000000
-1.003687 2.244458 0.000000
-1.003687 2.244458 0.000000
-1.003687 2.244458 0.000000
0.000000 0.000000 0.000000
1093603912
1092809824
Locator 13
1093603912
1 1 0 1 1 0
1093603552 0 1092801472 812942528 0
1.000000 1.000000 1.000000
1.000000 1.000000 1.000000
0.000000 0.000000 0.000000
0.000000 0.000000 0.000000
-0.149401 0.988777 0.000000 0.000000 0.000000 -1.000000 -0.988777 -0.149401 0.000000
-0.149401 0.988777 0.000000 0.000000 0.000000 -1.000000 -0.988777 -0.149401 0.000000
-0.149402 0.000000 -0.988777 0.988778 0.000000 -0.149401 0.000000 -1.000000 0.000000
-0.149401 0.000000 -0.988777 0.988777 0.000000 -0.149401 0.000000 -1.000000 0.000000
-2.267673 2.053473 0.000000
-2.267674 2.053473 0.000000
-2.267674 2.053473 0.000000
0.000000 0.000000 0.000000
1093604272
Locator 14
1093604272
0 1 0 1 1 1
1093603912 0 1092801472 812941440 0
1.000000 1.000000 1.000000
1.000000 1.000000 1.000000
0.000000 0.000000 0.000000
0.000000 0.000000 0.000000
0.604551 -0.796566 0.000000 0.000000 0.000000 1.000000 -0.796566 -0.604551 0.000000
0.604551 -0.796566 0.000000 0.000000 0.000000 1.000000 -0.796566 -0.604551 0.000000
-0.149402 0.000000 -0.988777 0.988778 0.000000 -0.149401 0.000000 -1.000000 0.000000
0.604551 0.000000 -0.796566 -0.796566 0.000000 -0.604551 0.000000 1.000000 0.000000
-2.267673 2.053473 0.000000
-2.267674 2.053473 0.000000
-2.267674 2.053473 0.000000
0.000000 0.000000 0.000000
1093604632
1092808864
Locator 15
1093604632
1 1 0 1 1 0
1093604272 0 1092801472 812941440 0
1.000000 1.000000 1.000000
1.000000 1.000000 1.000000
0.000000 0.000000 0.000000
0.000000 0.000000 0.000000
0.604551 -0.796566 0.000000 0.000000 0.000000 1.000000 -0.796566 -0.604551 0.000000
0.604551 -0.796566 0.000000 0.000000 0.000000 1.000000 -0.796566 -0.604551 0.000000
0.604552 0.000000 -0.796566 -0.796568 0.000000 -0.604552 0.000000 1.000000 0.000000
0.604551 0.000000 -0.796566 -0.796566 0.000000 -0.604551 0.000000 1.000000 0.000000
-3.439457 1.164151 0.000000
-3.439458 1.164151 0.000000
-3.439458 1.164151 0.000000
0.000000 0.000000 0.000000
1093604992
Locator 16
1093604992
0 1 0 1 1 1
1093604632 0 1092801472 812942664 0
1.000000 1.000000 1.000000
1.000000 1.000000 1.000000
0.000000 0.000000 0.000000
0.000000 0.000000 0.000000
0.765382 -0.643576 0.000000 0.000000 0.000000 1.000000 -0.643576 -0.765382 0.000000
0.765382 -0.643576 0.000000 0.000000 0.000000 1.000000 -0.643576 -0.765382 0.000000
0.604552 0.000000 -0.796566 -0.796568 0.000000 -0.604552 0.000000 1.000000 0.000000
0.765382 0.000000 -0.643576 -0.643576 0.000000 -0.765382 0.000000 1.000000 0.000000
-3.439457 1.164151 0.000000
-3.439458 1.164151 0.000000
-3.439458 1.164151 0.000000
0.000000 0.000000 0.000000
1093605352
1092808288
Locator 17
1093605352
1 1 0 1 1 0
1093604992 0 1092801472 812942664 0
1.000000 1.000000 1.000000
1.000000 1.000000 1.000000
0.000000 0.000000 0.000000
0.000000 0.000000 0.000000
0.765382 -0.643576 0.000000 0.000000 0.000000 1.000000 -0.643576 -0.765382 0.000000
0.765382 -0.643576 0.000000 0.000000 0.000000 1.000000 -0.643576 -0.765382 0.000000
0.765383 0.000000 -0.643575 -0.643579 0.000000 -0.765382 0.000000 1.000000 0.000000
0.765382 0.000000 -0.643576 -0.643576 0.000000 -0.765382 0.000000 1.000000 0.000000
-4.351307 0.079721 0.000000
-4.351308 0.079721 0.000000
-4.351308 0.079721 0.000000
0.000000 0.000000 0.000000
1093605752
Locator 18
1093605752
0 1 0 1 1 1
1093605352 0 1092801472 812943344 0
1.000000 1.000000 1.000000
1.000000 1.000000 1.000000
0.000000 0.000000 0.000000
0.000000 0.000000 0.000000
0.559870 -0.828581 0.000000 0.000000 0.000000 1.000000 -0.828581 -0.559870 0.000000
0.559870 -0.828581 0.000000 0.000000 0.000000 1.000000 -0.828581 -0.559870 0.000000
0.765383 0.000000 -0.643575 -0.643579 0.000000 -0.765382 0.000000 1.000000 0.000000
0.559870 0.000000 -0.828581 -0.828581 0.000000 -0.559870 0.000000 1.000000 0.000000
-4.351307 0.079721 0.000000
-4.351308 0.079721 0.000000
-4.351308 0.079721 0.000000
0.000000 0.000000 0.000000
1093608632
1092808352
Locator 19
1093608632
1 1 0 1 1 0
1093605752 0 1092801472 812943344 0
1.000000 1.000000 1.000000
1.000000 1.000000 1.000000
0.000000 0.000000 0.000000
0.000000 0.000000 0.000000
0.559870 -0.828581 0.000000 0.000000 0.000000 1.000000 -0.828581 -0.559870 0.000000
0.559870 -0.828581 0.000000 0.000000 0.000000 1.000000 -0.828581 -0.559870 0.000000
0.559871 0.000000 -0.828581 -0.828583 0.000000 -0.559870 0.000000 1.000000 0.000000
0.559870 0.000000 -0.828581 -0.828581 0.000000 -0.559870 0.000000 1.000000 0.000000
-5.430457 -0.649457 0.000000
-5.430457 -0.649457 0.000000
-5.430457 -0.649457 0.000000
0.000000 0.000000 0.000000
1093608992
Locator 20
1093608992
0 1 0 1 1 1
1093608632 0 1092801472 1093587800 0
1.000000 1.000000 1.000000
1.000000 1.000000 1.000000
0.000000 0.000000 0.000000
0.000000 0.000000 0.000000
0.403833 -0.914833 0.000000 0.000000 0.000000 1.000000 -0.914833 -0.403833 0.000000
0.403833 -0.914833 0.000000 0.000000 0.000000 1.000000 -0.914833 -0.403833 0.000000
0.559871 0.000000 -0.828581 -0.828583 0.000000 -0.559870 0.000000 1.000000 0.000000
0.403833 0.000000 -0.914833 -0.914833 0.000000 -0.403833 0.000000 1.000000 0.000000
-5.430457 -0.649457 0.000000
-5.430457 -0.649457 0.000000
-5.430457 -0.649457 0.000000
0.000000 0.000000 0.000000
1093607552
1092809440
Locator 21
1093607552
1 1 0 1 1 0
1093608992 0 1092801472 1093587800 0
1.000000 1.000000 1.000000
1.000000 1.000000 1.000000
0.000000 0.000000 0.000000
0.000000 0.000000 0.000000
0.403833 -0.914833 0.000000 0.000000 0.000000 1.000000 -0.914833 -0.403833 0.000000
0.403833 -0.914833 0.000000 0.000000 0.000000 1.000000 -0.914833 -0.403833 0.000000
0.403835 0.000000 -0.914833 -0.914834 0.000000 -0.403832 0.000000 1.000000 0.000000
0.403833 0.000000 -0.914833 -0.914833 0.000000 -0.403833 0.000000 1.000000 0.000000
-6.764864 -1.238503 0.000000
-6.764865 -1.238503 0.000000
-6.764865 -1.238503 0.000000
0.000000 0.000000 0.000000
1093606112
Locator 22
1093606112
0 1 0 1 1 1
1093607552 0 1092801472 1093586304 0
1.000000 1.000000 1.000000
1.000000 1.000000 1.000000
0.000000 0.000000 0.000000
0.000000 0.000000 0.000000
-0.185820 0.982584 0.000000 0.000000 0.000000 -1.000000 -0.982584 -0.185820 0.000000
-0.185820 0.982584 0.000000 0.000000 0.000000 -1.000000 -0.982584 -0.185820 0.000000
0.403835 0.000000 -0.914833 -0.914834 0.000000 -0.403832 0.000000 1.000000 0.000000
-0.185820 0.000000 -0.982584 0.982584 0.000000 -0.185820 0.000000 -1.000000 0.000000
-6.764864 -1.238503 0.000000
-6.764865 -1.238503 0.000000
-6.764865 -1.238503 0.000000
0.000000 0.000000 0.000000
1093606472
1092807968
Locator 23
1093606472
1 1 0 1 1 0
1093606112 0 1092801472 1093586304 0
1.000000 1.000000 1.000000
1.000000 1.000000 1.000000
0.000000 0.000000 0.000000
0.000000 0.000000 0.000000
-0.185820 0.982584 0.000000 0.000000 0.000000 -1.000000 -0.982584 -0.185820 0.000000
-0.185820 0.982584 0.000000 0.000000 0.000000 -1.000000 -0.982584 -0.185820 0.000000
-0.185821 0.000000 -0.982585 0.982586 0.000000 -0.185818 0.000000 -1.000000 0.000000
-0.185820 0.000000 -0.982584 0.982584 0.000000 -0.185820 0.000000 -1.000000 0.000000
-8.151530 -1.500740 0.000000
-8.151531 -1.500740 0.000000
-8.151531 -1.500740 0.000000
0.000000 0.000000 0.000000
1093606832
Locator 24
1093606832
0 1 0 1 1 1
1093606472 0 1092801472 1093589840 0
1.000000 1.000000 1.000000
1.000000 1.000000 1.000000
0.000000 0.000000 0.000000
0.000000 0.000000 0.000000
0.047719 0.998861 0.000000 0.000000 0.000000 -1.000000 -0.998861 0.047719 0.000000
0.047719 0.998861 0.000000 0.000000 0.000000 -1.000000 -0.998861 0.047719 0.000000
-0.185821 0.000000 -0.982585 0.982586 0.000000 -0.185818 0.000000 -1.000000 0.000000
0.047719 -0.000000 -0.998861 0.998861 0.000000 0.047719 0.000000 -1.000000 0.000000
-8.151530 -1.500740 0.000000
-8.151531 -1.500740 0.000000
-8.151531 -1.500740 0.000000
0.000000 0.000000 0.000000
1093609352
1092809120
Locator 25
1093609352
1 1 0 1 1 0
1093606832 0 1092801472 1093589840 0
1.000000 1.000000 1.000000
1.000000 1.000000 1.000000
0.000000 0.000000 0.000000
0.000000 0.000000 0.000000
0.047719 0.998861 0.000000 0.000000 0.000000 -1.000000 -0.998861 0.047719 0.000000
0.047719 0.998861 0.000000 0.000000 0.000000 -1.000000 -0.998861 0.047719 0.000000
0.047718 -0.000000 -0.998862 0.998862 0.000000 0.047722 0.000000 -1.000000 0.000000
0.047719 -0.000000 -0.998861 0.998861 0.000000 0.047719 0.000000 -1.000000 0.000000
-9.843513 -1.419908 0.000000
-9.843514 -1.419908 0.000000
-9.843514 -1.419908 0.000000
0.000000 0.000000 0.000000
1093607192
Locator 26
1093607192
0 1 0 1 1 1
1093609352 0 1092801472 1093586440 0
1.000000 1.000000 1.000000
1.000000 1.000000 1.000000
0.000000 0.000000 0.000000
0.000000 0.000000 0.000000
0.303274 0.952903 0.000000 0.000000 0.000000 -1.000000 -0.952903 0.303274 0.000000
0.303274 0.952903 0.000000 0.000000 0.000000 -1.000000 -0.952903 0.303274 0.000000
0.047718 -0.000000 -0.998862 0.998862 0.000000 0.047722 0.000000 -1.000000 0.000000
0.303274 -0.000000 -0.952903 0.952903 0.000000 0.303274 0.000000 -1.000000 0.000000
-9.843513 -1.419908 0.000000
-9.843514 -1.419908 0.000000
-9.843514 -1.419908 0.000000
0.000000 0.000000 0.000000
1093607912
1092809760
Locator 27
1093607912
1 0 0 1 1 0
1093607192 0 1092801472 1093586440 0
1.000000 1.000000 1.000000
1.000000 1.000000 1.000000
0.000000 0.000000 0.000000
0.000000 0.000000 0.000000
0.303274 0.952903 0.000000 0.000000 0.000000 -1.000000 -0.952903 0.303274 0.000000
0.303274 0.952903 0.000000 0.000000 0.000000 -1.000000 -0.952903 0.303274 0.000000
0.303273 -0.000000 -0.952905 0.952903 0.000000 0.303277 0.000000 -1.000000 0.000000
0.303274 -0.000000 -0.952903 0.952903 0.000000 0.303274 0.000000 -1.000000 0.000000
-11.310786 -0.952929 0.000000
-11.310787 -0.952929 0.000000
-11.310787 -0.952929 0.000000
0.000000 0.000000 0.000000
IK B 33
1093616640
3 1 0 1 1 0
1093615920 0 1092801472 0 1092780000
1.000000 1.000000 1.000000
1.000000 1.000000 1.000000
0.000000 0.000000 0.000000
0.000000 0.000000 0.000000
0.225007 -0.974358 0.000000 0.000000 0.000000 1.000000 -0.974358 -0.225007 0.000000
0.225007 -0.974358 0.000000 0.000000 0.000000 1.000000 -0.974358 -0.225007 0.000000
1.000000 0.000000 0.000000 0.000000 1.000000 0.000000 0.000000 0.000000 1.000000
0.225007 0.000000 -0.974357 -0.974357 0.000000 -0.225007 0.000000 1.000000 0.000000
-11.310787 -0.952929 0.000000
0.000000 0.000000 0.000000
-11.310787 -0.952929 0.000000
0.000000 0.000000 0.000000
1093608272
Locator 28
1093608272
0 1 0 1 1 1
1093616640 0 1092801472 1093588752 0
1.000000 1.000000 1.000000
1.000000 1.000000 1.000000
0.000000 0.000000 0.000000
0.000000 0.000000 0.000000
0.585561 0.810629 0.000000 0.000000 0.000000 -1.000000 -0.810630 0.585564 0.000000
0.585561 0.810629 0.000000 0.000000 0.000000 -1.000000 -0.810630 0.585564 0.000000
0.225008 0.000000 -0.974358 -0.974358 0.000000 -0.225005 0.000000 1.000000 0.000000
0.585561 0.000000 -0.810629 0.810628 0.000000 0.585564 0.000000 -1.000000 0.000000
-11.310787 -0.952929 0.000000
-11.310787 -0.952929 0.000000
-11.310787 -0.952929 0.000000
0.000000 0.000000 0.000000
1093615560
1092809888
Locator 29
1093615560
1 1 0 1 1 0
1093608272 0 1092801472 1093588752 0
1.000000 1.000000 1.000000
1.000000 1.000000 1.000000
0.000000 0.000000 0.000000
0.000000 0.000000 0.000000
0.585561 0.810629 0.000000 0.000000 0.000000 -1.000000 -0.810630 0.585564 0.000000
0.585561 0.810629 0.000000 0.000000 0.000000 -1.000000 -0.810630 0.585564 0.000000
0.585561 0.000000 -0.810631 0.810629 0.000000 0.585566 0.000000 -1.000000 0.000000
0.585561 0.000000 -0.810629 0.810628 0.000000 0.585564 0.000000 -1.000000 0.000000
-12.533330 -0.069818 0.000000
-12.446333 -0.952929 0.992487
-12.533330 -0.069818 0.000000
0.000000 0.000000 0.000000
1093610880
Locator 30
1093610880
0 1 0 1 1 1
1093615560 0 1092801472 1093589704 0
1.000000 1.000000 1.000000
1.000000 1.000000 1.000000
0.000000 0.000000 0.000000
0.000000 0.000000 0.000000
0.791738 0.610860 0.000000 0.000000 0.000000 -1.000000 -0.610864 0.791746 0.000000
0.791738 0.610860 0.000000 0.000000 0.000000 -1.000000 -0.610864 0.791746 0.000000
0.585561 0.000000 -0.810631 0.810629 0.000000 0.585566 0.000000 -1.000000 0.000000
0.791738 0.000000 -0.610861 0.610860 0.000000 0.791741 0.000000 -1.000000 0.000000
-12.533330 -0.069818 0.000000
-12.446333 -0.952929 0.992487
-12.533330 -0.069818 0.000000
0.000000 0.000000 0.000000
1093613760
1092808032
Locator 31
1093613760
1 0 0 1 1 0
1093610880 0 1092801472 1093589704 0
1.000000 1.000000 1.000000
1.000000 1.000000 1.000000
0.000000 0.000000 0.000000
0.000000 0.000000 0.000000
0.791738 0.610860 0.000000 0.000000 0.000000 -1.000000 -0.610864 0.791746 0.000000
0.791738 0.610860 0.000000 0.000000 0.000000 -1.000000 -0.610864 0.791746 0.000000
0.791738 0.000000 -0.610862 0.610860 0.000000 0.791744 0.000000 -1.000000 0.000000
0.791738 0.000000 -0.610861 0.610860 0.000000 0.791741 0.000000 -1.000000 0.000000
-13.392817 1.044170 0.000000
-13.725144 -0.952929 1.579278
-13.392816 1.044169 0.000000
0.000000 0.000000 0.000000

