Bones
5
Bone 0
815959248
0
-0.877919 -0.443870 0.179548 0.083101 0.228046 0.970098 -0.471542 0.866588 -0.163320
0.000000 0.909737 -0.415186 -1.000000 0.000000 0.000000 0.000000 0.415186 0.909737
957293456 957293048 957016472
1 1.211807
1030811080
Bone 1
815959520
815959248
-0.938221 -0.310227 0.153297 0.083101 0.228046 0.970098 -0.335909 0.922905 -0.188177
0.988907 0.000000 0.148535 -0.000000 1.000000 -0.000000 -0.148535 0.000000 0.988907
957292232 957294272 957016472
3 1.100862
1030811080
Bone 2
815959384
815959520
-0.993311 -0.059354 0.099044 0.083102 0.228046 0.970097 -0.080166 0.971839 -0.221588
0.965542 0.000001 0.260246 -0.000001 1.000000 -0.000000 -0.260246 0.000000 0.965542
957292640 957291824 957016472
3 1.150857
1030811080
Bone 3
815959792
815959384
0.972237 -0.232235 -0.028692 -0.083101 -0.228046 -0.970097 0.218747 0.945549 -0.241014
-0.954791 0.000001 -0.297277 -0.000001 -1.000000 -0.000000 -0.297277 0.000000 0.954791
957293864 957295088 957016472
3 1.030250
1030811080
Bone 4
1056987776
815959792
0.893477 -0.448184 0.028819 -0.083101 -0.228046 -0.970098 0.441354 0.864365 -0.240998
0.971928 -0.000000 -0.235280 0.000000 1.000000 0.000000 0.235280 -0.000000 0.971928
957294680 1027804552 957016472
2 1.067699
1030811080

