Transformers
15
Object 7
957017928
0 0 0 0 1 0 1.000000 0
785403328 1027971200 0 0 0 0
1.000000 1.000000 1.000000
1.000000 1.000000 1.000000
0.000000 0.000000 0.000000
0.000000 0.000000 0.000000
1.000000 0.000000 0.000000 0.000000 1.000000 0.000000 0.000000 0.000000 1.000000
1.000000 0.000000 0.000000 0.000000 1.000000 0.000000 0.000000 0.000000 1.000000
1.000000 0.000000 0.000000 0.000000 1.000000 0.000000 0.000000 0.000000 1.000000
1.000000 0.000000 0.000000 0.000000 1.000000 0.000000 0.000000 0.000000 1.000000
0.000000 0.000000 0.000000
0.000000 0.000000 0.000000
0.000000 0.000000 0.000000
0.000000 0.000000 0.000000
Locator 8
956996824
4 1 0 1 1 0 0.500000 0
785403328 0 957016472 0 0 0
1.000000 1.000000 1.000000
1.000000 1.000000 1.000000
0.000000 0.000000 0.000000
0.000000 0.000000 0.000000
1.000000 0.000000 0.000000 0.000000 1.000000 0.000000 0.000000 0.000000 1.000000
1.000000 0.000000 0.000000 0.000000 1.000000 0.000000 0.000000 0.000000 1.000000
1.000000 0.000000 0.000000 0.000000 1.000000 0.000000 0.000000 0.000000 1.000000
1.000000 0.000000 0.000000 0.000000 1.000000 0.000000 0.000000 0.000000 1.000000
-0.095775 -2.638164 0.628372
0.000000 0.000000 0.000000
-0.095775 -2.638164 0.628372
0.000000 0.000000 0.000000
1027807408
IK A 19
1027807408
2 2 0 1 1 0 0.500000 0
956996824 0 957016472 0 1030811080 854904744
1.000000 1.000000 1.000000
1.000000 1.000000 1.000000
0.000000 0.000000 0.000000
0.000000 0.000000 0.000000
-0.340820 -0.197430 -0.919164 -0.937594 0.143125 0.316911 0.068988 0.969813 -0.233889
-0.340820 -0.197430 -0.919164 -0.937594 0.143125 0.316911 0.068988 0.969813 -0.233889
-0.340820 -0.197430 -0.919164 -0.937594 0.143125 0.316911 0.068988 0.969813 -0.233889
-0.083101 -0.994453 -0.064479 -0.228046 -0.044009 0.972655 -0.970098 0.095533 -0.223124
-0.095775 -2.638164 0.628372
0.000000 0.000000 0.000000
-0.095775 -2.638164 0.628372
0.000000 0.000000 0.000000
957293456
1027807816
Locator 9
957293456
0 1 1 1 1 1 0.500000 0
1027807408 0 957016472 815959248 0 0
1.000000 1.000000 1.000000
1.000000 1.000000 1.000000
0.000000 0.000000 0.000000
0.000000 0.000000 0.000000
-0.926338 -0.096176 0.364138 0.340811 0.197425 0.919141 -0.160297 0.975588 -0.150112
-0.926338 -0.096176 0.364138 0.340811 0.197425 0.919141 -0.160297 0.975588 -0.150112
-0.083101 -0.994453 -0.064479 -0.228046 -0.044009 0.972655 -0.970098 0.095533 -0.223124
-0.877919 0.083101 -0.471542 -0.443870 0.228046 0.866588 0.179548 0.970098 -0.163320
-0.095775 -2.638164 0.628372
0.000000 0.000000 0.000000
-0.095775 -2.638164 0.628372
0.000000 0.000000 0.000000
957293048
957646792
Locator 10
957293048
1 1 0 1 1 0 0.500000 0
957293456 0 957016472 815959248 0 0
1.000000 1.000000 1.000000
1.000000 1.000000 1.000000
0.000000 0.000000 0.000000
0.000000 0.000000 0.000000
-0.926338 -0.096176 0.364138 0.340811 0.197425 0.919141 -0.160297 0.975588 -0.150112
-0.926338 -0.096176 0.364138 0.340811 0.197425 0.919141 -0.160297 0.975588 -0.150112
-0.877919 0.083101 -0.471542 -0.443870 0.228046 0.866588 0.179548 0.970098 -0.163320
-0.877919 0.083101 -0.471542 -0.443870 0.228046 0.866588 0.179548 0.970098 -0.163320
-0.290042 -1.455827 0.446447
0.000000 0.000000 0.000000
-0.667193 -1.588027 0.430460
0.000000 0.000000 0.000000
957292232
Locator 11
957292232
0 1 0 1 1 1 0.500000 0
957293048 0 957016472 815959520 0 0
1.000000 1.000000 1.000000
1.000000 1.000000 1.000000
0.000000 0.000000 0.000000
0.000000 0.000000 0.000000
-0.936615 -0.012851 0.350051 0.340811 0.197425 0.919141 -0.080925 0.980233 -0.180540
-0.936615 -0.012851 0.350051 0.340811 0.197425 0.919141 -0.080925 0.980233 -0.180540
-0.877919 0.083101 -0.471542 -0.443870 0.228046 0.866588 0.179548 0.970098 -0.163320
-0.938221 0.083101 -0.335909 -0.310227 0.228046 0.922905 0.153297 0.970098 -0.188177
-0.290042 -1.455827 0.446447
0.000000 0.000000 0.000000
-0.667193 -1.588027 0.430460
0.000000 0.000000 0.000000
957294272
957648072
Locator 12
957294272
1 1 0 1 1 0 0.500000 0
957292232 0 957016472 815959520 0 0
1.000000 1.000000 1.000000
1.000000 1.000000 1.000000
0.000000 0.000000 0.000000
0.000000 0.000000 0.000000
-0.936615 -0.012851 0.350051 0.340811 0.197425 0.919141 -0.080925 0.980233 -0.180540
-0.936615 -0.012851 0.350051 0.340811 0.197425 0.919141 -0.080925 0.980233 -0.180540
-0.938221 0.083101 -0.335909 -0.310227 0.228046 0.922905 0.153297 0.970098 -0.188177
-0.938221 0.083101 -0.335909 -0.310227 0.228046 0.922905 0.153297 0.970098 -0.188177
-0.379138 -0.376619 0.247678
0.000000 0.000000 0.000000
-1.036982 -0.572036 0.223302
0.000000 0.000000 0.000000
957292640
Locator 13
957292640
0 1 0 1 1 1 0.500000 0
957294272 0 957016472 815959384 0 0
1.000000 1.000000 1.000000
1.000000 1.000000 1.000000
0.000000 0.000000 0.000000
0.000000 0.000000 0.000000
-0.938195 0.133702 0.319159 0.340812 0.197424 0.919140 0.059884 0.971156 -0.230802
-0.938195 0.133702 0.319159 0.340812 0.197424 0.919140 0.059884 0.971156 -0.230802
-0.938221 0.083101 -0.335909 -0.310227 0.228046 0.922905 0.153297 0.970098 -0.188177
-0.993311 0.083102 -0.080166 -0.059354 0.228046 0.971839 0.099044 0.970097 -0.221588
-0.379138 -0.376619 0.247678
0.000000 0.000000 0.000000
-1.036982 -0.572036 0.223302
0.000000 0.000000 0.000000
957291824
957647112
Locator 14
957291824
1 1 0 1 1 0 0.500000 0
957292640 0 957016472 815959384 0 0
1.000000 1.000000 1.000000
1.000000 1.000000 1.000000
0.000000 0.000000 0.000000
0.000000 0.000000 0.000000
-0.938195 0.133702 0.319159 0.340812 0.197424 0.919140 0.059884 0.971156 -0.230802
-0.938195 0.133702 0.319159 0.340812 0.197424 0.919140 0.059884 0.971156 -0.230802
-0.993311 0.083102 -0.080166 -0.059354 0.228046 0.971839 0.099044 0.970097 -0.221588
-0.993311 0.083102 -0.080166 -0.059354 0.228046 0.971839 0.099044 0.970097 -0.221588
-0.310212 0.741158 -0.017970
0.000000 0.000000 0.000000
-1.129242 0.546413 -0.031714
0.000000 0.000000 0.000000
957293864
Locator 15
957293864
0 1 0 1 1 1 0.500000 0
957291824 0 957016472 815959792 0 0
1.000000 1.000000 1.000000
1.000000 1.000000 1.000000
0.000000 0.000000 0.000000
0.000000 0.000000 0.000000
0.914129 -0.297827 -0.274982 -0.340811 -0.197425 -0.919141 0.219468 0.933979 -0.281989
0.914129 -0.297827 -0.274982 -0.340811 -0.197425 -0.919141 0.219468 0.933979 -0.281989
-0.993311 0.083102 -0.080166 -0.059354 0.228046 0.971839 0.099044 0.970097 -0.221588
0.972237 -0.083101 0.218747 -0.232235 -0.228046 0.945549 -0.028692 -0.970097 -0.241014
-0.310212 0.741158 -0.017970
0.000000 0.000000 0.000000
-1.129242 0.546413 -0.031714
0.000000 0.000000 0.000000
957295088
957648456
Locator 16
957295088
1 1 0 1 1 0 0.500000 0
957293864 0 957016472 815959792 0 0
1.000000 1.000000 1.000000
1.000000 1.000000 1.000000
0.000000 0.000000 0.000000
0.000000 0.000000 0.000000
0.914129 -0.297827 -0.274982 -0.340811 -0.197425 -0.919141 0.219468 0.933979 -0.281989
0.914129 -0.297827 -0.274982 -0.340811 -0.197425 -0.919141 0.219468 0.933979 -0.281989
0.972237 -0.083101 0.218747 -0.232235 -0.228046 0.945549 -0.028692 -0.970097 -0.241014
0.972237 -0.083101 0.218747 -0.232235 -0.228046 0.945549 -0.028692 -0.970097 -0.241014
-0.084083 1.703486 -0.308518
0.000000 0.000000 0.000000
-0.903877 1.520565 -0.280018
0.000000 0.000000 0.000000
957294680
Locator 17
957294680
0 1 0 1 1 1 0.500000 0
957295088 0 957016472 1056987776 0 0
1.000000 1.000000 1.000000
1.000000 1.000000 1.000000
0.000000 0.000000 0.000000
0.000000 0.000000 0.000000
0.875988 -0.421562 -0.234262 -0.340811 -0.197425 -0.919141 0.341243 0.885041 -0.316631
0.875988 -0.421562 -0.234262 -0.340811 -0.197425 -0.919141 0.341243 0.885041 -0.316631
0.972237 -0.083101 0.218747 -0.232235 -0.228046 0.945549 -0.028692 -0.970097 -0.241014
0.893477 -0.083101 0.441354 -0.448184 -0.228046 0.864365 0.028819 -0.970098 -0.240998
-0.084083 1.703486 -0.308518
0.000000 0.000000 0.000000
-0.903877 1.520565 -0.280018
0.000000 0.000000 0.000000
1027804552
957646856
Locator 18
1027804552
1 0 0 1 1 0 0.500000 0
957294680 0 957016472 1056987776 0 0
1.000000 1.000000 1.000000
1.000000 1.000000 1.000000
0.000000 0.000000 0.000000
0.000000 0.000000 0.000000
0.875988 -0.421562 -0.234262 -0.340811 -0.197425 -0.919141 0.341243 0.885041 -0.316631
0.875988 -0.421562 -0.234262 -0.340811 -0.197425 -0.919141 0.341243 0.885041 -0.316631
0.893477 -0.083101 0.441354 -0.448184 -0.228046 0.864365 0.028819 -0.970098 -0.240998
0.893477 -0.083101 0.441354 -0.448184 -0.228046 0.864365 0.028819 -0.970098 -0.240998
0.280295 2.648531 -0.646615
0.000000 0.000000 0.000000
-0.432644 2.443446 -0.537332
0.000000 0.000000 0.000000
IK B 20
1027807816
3 0 0 1 1 0 0.500000 0
1027807408 0 957016472 0 1030811080 0
1.000000 1.000000 1.000000
1.000000 1.000000 1.000000
0.000000 0.000000 0.000000
0.000000 0.000000 0.000000
-0.340820 -0.197430 -0.919165 -0.937594 0.143125 0.316911 0.068988 0.969813 -0.233889
-0.340820 -0.197430 -0.919165 -0.937594 0.143125 0.316911 0.068988 0.969813 -0.233889
1.000000 0.000000 -0.000000 0.000000 1.000000 -0.000000 -0.000000 -0.000000 1.000000
-0.083101 -0.994453 -0.064479 -0.228046 -0.044009 0.972655 -0.970098 0.095533 -0.223124
0.280295 2.648531 -0.646615
0.000000 0.000000 0.000000
-0.432644 2.443446 -0.537332
0.000000 0.000000 0.000000
Pole 21
1027811080
0 0 0 1 1 0 1.000000 0
785403328 0 0 0 0 854904744
1.000000 1.000000 1.000000
1.000000 1.000000 1.000000
0.000000 0.000000 0.000000
0.000000 0.000000 0.000000
1.000000 0.000000 0.000000 0.000000 1.000000 0.000000 0.000000 0.000000 1.000000
1.000000 0.000000 0.000000 0.000000 1.000000 0.000000 0.000000 0.000000 1.000000
1.000000 0.000000 0.000000 0.000000 1.000000 0.000000 0.000000 0.000000 1.000000
1.000000 0.000000 0.000000 0.000000 1.000000 0.000000 0.000000 0.000000 1.000000
-3.219030 -0.071759 1.235209
0.000000 0.000000 0.000000
-3.095470 -0.071759 0.282036
0.000000 0.000000 0.000000

