Bones
4
Bone 0
1063382216
0
0.973947 0.221323 0.049438 0.062946 -0.054397 -0.996533 -0.217866 0.973682 -0.066911
0.973947 0.221323 0.049438 0.062946 -0.054397 -0.996533 -0.217866 0.973682 -0.066911
1063406048 1063316208 1063382128
Bone 1
1063382336
1063382216
0.072893 0.057480 0.995682 0.997075 0.018836 -0.074082 -0.023359 1.013273 -0.056785
0.132940 -0.990768 -0.026535 0.971604 0.135562 -0.193931 0.195739 -0.000001 0.980656
1063316568 1063325128 1063382128
Bone 2
1063485072
1063382336
0.987196 -0.143246 0.070175 0.062946 -0.054397 -0.996531 0.141270 1.004206 -0.045889
0.133598 0.976411 -0.169627 -0.990766 0.135562 -0.000001 0.022996 0.168065 0.985507
1063325488 1063325848 1063382128
Bone 3
1063485192
1063485072
0.957234 -0.279226 0.075702 0.062942 -0.054397 -0.996530 0.273946 0.976806 -0.036008
0.990288 0.000003 -0.139009 -0.000004 0.999994 -0.000002 0.139020 -0.000002 0.990291
1063326208 1063326568 1063382128

