Transformers
10
Object 6
1129591000
0 0 0 0 1 0 0.300000
785119296 1133038064 0 0
1.000000 1.000000 1.000000
1.000000 1.000000 1.000000
0.000000 0.000000 0.000000
0.000000 0.000000 0.000000
1.000000 0.000000 0.000000 0.000000 1.000000 0.000000 0.000000 0.000000 1.000000
1.000000 0.000000 0.000000 0.000000 1.000000 0.000000 0.000000 0.000000 1.000000
1.000000 0.000000 0.000000 0.000000 1.000000 0.000000 0.000000 0.000000 1.000000
1.000000 0.000000 0.000000 0.000000 1.000000 0.000000 0.000000 0.000000 1.000000
0.000000 0.000000 0.000000
0.000000 0.000000 0.000000
0.000000 0.000000 0.000000
0.000000 0.000000 0.000000
Locator 7
1129593520
4 1 0 1 1 0 0.300000
785119296 0 1218805056 0
1.000000 1.000000 1.000000
1.000000 1.000000 1.000000
0.000000 0.000000 0.000000
0.000000 0.000000 0.000000
1.000000 0.000000 0.000000 0.000000 1.000000 0.000000 0.000000 0.000000 1.000000
1.000000 0.000000 0.000000 0.000000 1.000000 0.000000 0.000000 0.000000 1.000000
1.000000 0.000000 0.000000 0.000000 1.000000 0.000000 0.000000 0.000000 1.000000
1.000000 0.000000 0.000000 0.000000 1.000000 0.000000 0.000000 0.000000 1.000000
-0.220930 -3.140927 0.157495
-0.220930 -3.140927 0.157495
-0.220930 -3.140927 0.157495
0.000000 0.000000 0.000000
1129588120
Locator 8
1129588120
0 1 0 1 1 1 0.300000
1129593520 0 1218805056 1134183280
1.000000 1.000000 1.000000
1.000000 1.000000 1.000000
0.000000 0.000000 0.000000
0.000000 0.000000 0.000000
0.973947 0.221323 0.049438 0.062946 -0.054397 -0.996533 -0.217866 0.973682 -0.066911
0.973947 0.221323 0.049438 0.062946 -0.054397 -0.996533 -0.217866 0.973682 -0.066911
1.000000 0.000000 0.000000 0.000000 1.000000 0.000000 0.000000 0.000000 1.000000
0.973947 0.062946 -0.217866 0.221323 -0.054397 0.973682 0.049438 -0.996533 -0.066911
-0.220930 -3.140927 0.157495
-0.220930 -3.140927 0.157495
-0.220930 -3.140927 0.157495
0.000000 0.000000 0.000000
1129589920
1304427240
Locator 9
1129589920
1 1 0 1 1 0 0.300000
1129588120 0 1218805056 1134183280
1.000000 1.000000 1.000000
1.000000 1.000000 1.000000
0.000000 0.000000 0.000000
0.000000 0.000000 0.000000
0.973947 0.221323 0.049438 0.062946 -0.054397 -0.996533 -0.217866 0.973682 -0.066911
0.973947 0.221323 0.049438 0.062946 -0.054397 -0.996533 -0.217866 0.973682 -0.066911
0.973948 0.062946 -0.217865 0.221324 -0.054397 0.973681 0.049438 -0.996532 -0.066911
0.973947 0.062946 -0.217866 0.221323 -0.054397 0.973682 0.049438 -0.996533 -0.066911
-0.650352 -1.221764 0.025611
-0.650352 -1.221764 0.025611
-0.650353 -1.221763 0.025611
0.000000 0.000000 0.000000
1129592440
Locator 10
1129592440
0 1 0 1 1 1 0.300000
1129589920 0 1218805056 1134184960
0.969637 0.969637 1.015132
0.969637 0.969637 1.015132
0.000000 0.000000 0.000000
0.000000 0.000000 0.000000
0.070680 0.055735 0.965450 0.966801 0.018265 -0.071833 -0.023359 1.013273 -0.056785
0.072893 0.057481 0.995681 0.997075 0.018837 -0.074082 -0.023012 0.998168 -0.055939
0.973948 0.062946 -0.217865 0.221324 -0.054397 0.973681 0.049438 -0.996532 -0.066911
0.072893 0.997075 -0.023013 0.057480 0.018836 0.998169 0.995682 -0.074082 -0.055939
-0.650352 -1.221764 0.025611
-0.650352 -1.221764 0.025611
-0.650353 -1.221763 0.025611
0.000000 0.000000 0.000000
1129591360
1304426664
Locator 11
1129591360
1 1 0 1 1 0 0.300000
1129592440 0 1218805056 1134184960
1.000000 1.000000 1.000000
0.969637 0.969637 1.015132
0.000000 0.000000 0.000000
0.000000 0.000000 0.000000
0.070680 0.055735 0.965450 0.966801 0.018265 -0.071833 -0.023359 1.013273 -0.056785
0.072893 0.057481 0.995681 0.997075 0.018837 -0.074082 -0.023012 0.998168 -0.055939
0.072894 0.997075 -0.023011 0.057480 0.018837 0.998168 0.995679 -0.074081 -0.055937
0.072893 0.997075 -0.023013 0.057480 0.018836 0.998169 0.995682 -0.074082 -0.055939
-0.692527 0.607693 -0.076913
-0.692527 0.607693 -0.076913
-0.691903 0.580426 -0.075387
0.000000 0.000000 0.000000
1129591720
Locator 12
1129591720
0 1 0 1 1 1 0.300000
1129591360 0 1218805056 1134184360
1.000000 1.000000 1.000000
0.969637 0.969637 1.015132
0.000000 0.000000 0.000000
0.000000 0.000000 0.000000
0.957223 -0.138895 0.068045 0.061034 -0.052746 -0.966273 0.141270 1.004206 -0.045889
0.987197 -0.143245 0.070175 0.062945 -0.054398 -0.996530 0.146570 0.988190 -0.044682
0.072894 0.997075 -0.023011 0.057480 0.018837 0.998168 0.995679 -0.074081 -0.055937
0.987196 0.062946 0.146569 -0.143246 -0.054397 0.988190 0.070175 -0.996531 -0.044683
-0.692527 0.607693 -0.076913
-0.692527 0.607693 -0.076913
-0.691903 0.580426 -0.075387
0.000000 0.000000 0.000000
1129590640
1304425832
Locator 13
1129590640
1 1 0 1 1 0 0.300000
1129591720 0 1218805056 1134184360
1.000000 1.000000 1.000000
0.969637 0.969637 1.015132
0.000000 0.000000 0.000000
0.000000 0.000000 0.000000
0.957223 -0.138895 0.068045 0.061034 -0.052746 -0.966273 0.141270 1.004206 -0.045889
0.987197 -0.143245 0.070175 0.062945 -0.054398 -0.996530 0.146570 0.988190 -0.044682
0.987195 0.062945 0.146573 -0.143241 -0.054398 0.988189 0.070175 -0.996528 -0.044681
0.987196 0.062946 0.146569 -0.143246 -0.054397 0.988190 0.070175 -0.996531 -0.044683
-0.484953 2.083208 -0.144340
-0.484953 2.083208 -0.144340
-0.476273 2.034246 -0.141124
0.000000 0.000000 0.000000
1129590280
Locator 14
1129590280
0 1 0 1 1 1 0.300000
1129590640 0 1218805056 1134184480
1.000000 1.000000 1.000000
0.969637 0.969637 1.015132
0.000000 0.000000 0.000000
0.000000 0.000000 0.000000
0.928171 -0.270743 0.073403 0.061030 -0.052747 -0.966268 0.273946 0.976806 -0.036008
0.957235 -0.279221 0.075702 0.062941 -0.054399 -0.996525 0.282388 0.958682 -0.034491
0.987195 0.062945 0.146573 -0.143241 -0.054398 0.988189 0.070175 -0.996528 -0.044681
0.957234 0.062942 0.282383 -0.279226 -0.054397 0.958682 0.075702 -0.996530 -0.034493
-0.484953 2.083208 -0.144340
-0.484953 2.083208 -0.144340
-0.476273 2.034246 -0.141124
0.000000 0.000000 0.000000
1129594240
1304426152
Locator 15
1129594240
1 0 0 1 1 0 0.300000
1129590280 0 1218805056 1134184480
1.000000 1.000000 1.000000
0.969637 0.969637 1.015132
0.000000 0.000000 0.000000
0.000000 0.000000 0.000000
0.928171 -0.270743 0.073403 0.061030 -0.052747 -0.966268 0.273946 0.976806 -0.036008
0.957235 -0.279221 0.075702 0.062941 -0.054399 -0.996525 0.282388 0.958682 -0.034491
0.957232 0.062939 0.282393 -0.279216 -0.054399 0.958684 0.075702 -0.996527 -0.034489
0.957234 0.062942 0.282383 -0.279226 -0.054397 0.958682 0.075702 -0.996530 -0.034493
-0.110550 3.418215 -0.193552
-0.110550 3.418215 -0.193552
-0.088762 3.349851 -0.188461
0.000000 0.000000 0.000000

