Bones
12
Bone 0
812614880
0
-0.560730 -0.827999 0.000000 0.000000 0.000000 1.000000 -0.827999 0.560730 0.000000
-0.560730 -0.827999 0.000000 0.000000 0.000000 1.000000 -0.827999 0.560730 0.000000
953035824 953036232 952192336
0 1.625787
0
Bone 1
812615016
812614880
0.331588 0.943424 0.000000 -0.000000 0.000000 -1.000000 -0.943424 0.331588 0.000000
0.000000 -0.844622 -0.535362 1.000000 -0.000000 0.000000 -0.000000 -0.535362 0.844622
953037048 953037456 952192336
1 1.487269
953034240
Bone 2
812615288
812615016
-0.149401 0.988777 0.000000 0.000000 0.000000 -1.000000 -0.988777 -0.149401 0.000000
0.883296 0.000000 0.468816 0.000000 1.000000 0.000000 -0.468816 0.000000 0.883296
953037864 953038272 952192336
3 1.278334
953034240
Bone 3
812612296
812615288
0.604551 -0.796566 0.000000 0.000000 0.000000 1.000000 -0.796566 -0.604551 0.000000
-0.877947 0.000000 -0.478758 0.000000 -1.000000 0.000000 -0.478758 -0.000000 0.877947
953038680 953039088 952192336
3 1.471044
953034240
Bone 4
953030304
812612296
0.765382 -0.643576 0.000000 0.000000 0.000000 1.000000 -0.643576 -0.765382 0.000000
0.975364 0.000000 -0.220602 0.000000 1.000000 0.000000 0.220602 0.000000 0.975364
953040352 953039536 952192336
3 1.416848
953034240
Bone 5
953028944
953030304
0.559870 -0.828581 0.000000 0.000000 0.000000 1.000000 -0.828581 -0.559870 0.000000
0.961769 0.000000 0.273862 0.000000 1.000000 0.000000 -0.273862 0.000000 0.961769
953041576 953042392 952192336
3 1.302407
953034240
Bone 6
953029080
953028944
0.403833 -0.914833 0.000000 0.000000 0.000000 1.000000 -0.914833 -0.403833 0.000000
0.984107 0.000000 0.177578 0.000000 1.000000 0.000000 -0.177578 0.000000 0.984107
953039944 953042800 952192336
3 1.458636
953034240
Bone 7
953026632
953029080
-0.185820 0.982584 0.000000 0.000000 0.000000 -1.000000 -0.982584 -0.185820 0.000000
-0.973940 0.000000 -0.226806 0.000000 -1.000000 -0.000000 -0.226806 0.000000 0.973940
953041984 953041168 952192336
3 1.411245
953034240
Bone 8
953029624
953026632
0.047719 0.998861 0.000000 -0.000000 0.000000 -1.000000 -0.998861 0.047719 0.000000
0.972597 0.000000 -0.232496 0.000000 1.000000 0.000000 0.232496 0.000000 0.972597
953040760 953056736 952192336
3 1.693913
953034240
Bone 9
953026088
953029624
0.303274 0.952903 0.000000 -0.000000 0.000000 -1.000000 -0.952903 0.303274 0.000000
0.966290 0.000000 -0.257457 0.000000 1.000000 0.000000 0.257457 0.000000 0.966290
953056328 953055512 952192336
2 1.539792
953034240
Bone 10
953029896
953026088
0.585561 0.810628 0.000000 0.000000 0.000000 -1.000000 -0.810629 0.585564 0.000000
0.000000 -0.658086 -0.752942 1.000000 0.000000 -0.000000 -0.000000 -0.752946 0.658086
953054696 953057960 952192336
0 1.508143
0
Bone 11
953028808
953029896
0.791738 0.610860 0.000000 0.000000 0.000000 -1.000000 -0.610861 0.791741 0.000000
0.958791 0.000000 -0.284108 0.000000 1.000000 0.000000 0.284111 0.000000 0.958797
953059592 953051840 952192336
0 1.407012
0

