Transformers
29
Object 6
953035008
0 0 0 0 1 0 1.000000 0
785305856 952234040 0 0 0 0
1.000000 1.000000 1.000000
1.000000 1.000000 1.000000
0.000000 0.000000 0.000000
0.000000 0.000000 0.000000
1.000000 0.000000 0.000000 0.000000 1.000000 0.000000 0.000000 0.000000 1.000000
1.000000 0.000000 0.000000 0.000000 1.000000 0.000000 0.000000 0.000000 1.000000
1.000000 0.000000 0.000000 0.000000 1.000000 0.000000 0.000000 0.000000 1.000000
1.000000 0.000000 0.000000 0.000000 1.000000 0.000000 0.000000 0.000000 1.000000
0.000000 0.000000 0.000000
0.000000 0.000000 0.000000
0.000000 0.000000 0.000000
0.000000 0.000000 0.000000
Locator 7
953035416
4 1 0 1 1 0 1.000000 0
785305856 0 952192336 0 0 0
1.000000 1.000000 1.000000
1.000000 1.000000 1.000000
0.000000 0.000000 0.000000
0.000000 0.000000 0.000000
1.000000 0.000000 0.000000 0.000000 1.000000 0.000000 0.000000 0.000000 1.000000
1.000000 0.000000 0.000000 0.000000 1.000000 0.000000 0.000000 0.000000 1.000000
1.000000 0.000000 0.000000 0.000000 1.000000 0.000000 0.000000 0.000000 1.000000
1.000000 0.000000 0.000000 0.000000 1.000000 0.000000 0.000000 0.000000 1.000000
1.745589 0.839670 0.000000
1.745589 0.839670 0.000000
1.745589 0.839670 0.000000
0.000000 0.000000 0.000000
953035824
Locator 8
953035824
0 1 0 1 1 1 1.000000 0
953035416 0 952192336 812614880 0 0
1.000000 1.000000 1.000000
1.000000 1.000000 1.000000
0.000000 0.000000 0.000000
0.000000 0.000000 0.000000
-0.560730 -0.827999 0.000000 0.000000 0.000000 1.000000 -0.827999 0.560730 0.000000
-0.560730 -0.827999 0.000000 0.000000 0.000000 1.000000 -0.827999 0.560730 0.000000
1.000000 0.000000 0.000000 0.000000 1.000000 0.000000 0.000000 0.000000 1.000000
-0.560730 0.000000 -0.827999 -0.827999 0.000000 0.560730 0.000000 1.000000 0.000000
1.745589 0.839670 0.000000
1.745589 0.839670 0.000000
1.745589 0.839670 0.000000
0.000000 0.000000 0.000000
953036232
952206992
Locator 9
953036232
0 1 0 1 1 0 1.000000 0
953035824 0 952192336 812614880 0 0
1.000000 1.000000 1.000000
1.000000 1.000000 1.000000
0.000000 0.000000 0.000000
0.000000 0.000000 0.000000
-0.560730 -0.827999 0.000000 0.000000 0.000000 1.000000 -0.827999 0.560730 0.000000
-0.560730 -0.827999 0.000000 0.000000 0.000000 1.000000 -0.827999 0.560730 0.000000
-0.560731 0.000000 -0.828000 -0.828000 0.000000 0.560731 0.000000 1.000000 0.000000
-0.560730 0.000000 -0.827999 -0.827999 0.000000 0.560730 0.000000 1.000000 0.000000
0.399439 1.751297 0.000000
0.399439 1.751297 0.000000
0.399439 1.751297 0.000000
0.000000 0.000000 0.000000
953036640
IK A 34
953036640
2 2 0 1 1 0 1.000000 0
953036232 0 952192336 0 953034240 859948800
1.000000 1.000000 1.000000
1.000000 1.000000 1.000000
0.000000 0.000000 0.000000
0.000000 0.000000 0.000000
0.000000 -0.000000 -1.000000 0.225007 -0.974357 0.000000 -0.974357 -0.225007 0.000000
0.000000 -0.000000 -1.000000 0.225007 -0.974357 0.000000 -0.974357 -0.225007 0.000000
0.000000 -1.000000 -0.000000 0.680599 0.000000 -0.732657 0.732657 0.000000 0.680599
0.000000 0.225007 -0.974357 -0.000000 -0.974357 -0.225007 -1.000000 0.000000 0.000000
0.399439 1.751297 0.000000
0.000000 0.000000 0.000000
0.399439 1.751297 0.000000
0.000000 0.000000 0.000000
953037048
953057144
Locator 10
953037048
0 1 1 1 1 1 1.000000 0
953036640 0 952192336 812615016 0 0
1.000000 1.000000 1.000000
1.000000 1.000000 1.000000
0.000000 0.000000 0.000000
0.000000 0.000000 0.000000
0.331588 0.943424 0.000000 0.000000 0.000000 -1.000000 -0.943424 0.331588 0.000000
0.331588 0.943424 0.000000 0.000000 0.000000 -1.000000 -0.943424 0.331588 0.000000
0.000000 0.225007 -0.974358 -0.000000 -0.974358 -0.225007 -1.000000 0.000000 0.000000
0.331588 -0.000000 -0.943424 0.943424 0.000000 0.331588 0.000000 -1.000000 0.000000
0.399439 1.751297 0.000000
0.399439 1.751297 0.000000
0.399439 1.751297 0.000000
0.000000 0.000000 0.000000
953037456
952192712
Locator 11
953037456
0 1 0 1 1 0 1.000000 0
953037048 0 952192336 812615016 0 0
1.000000 1.000000 1.000000
1.000000 1.000000 1.000000
0.000000 0.000000 0.000000
0.000000 0.000000 0.000000
0.331588 0.943424 0.000000 0.000000 0.000000 -1.000000 -0.943424 0.331588 0.000000
0.331588 0.943424 0.000000 0.000000 0.000000 -1.000000 -0.943424 0.331588 0.000000
0.331587 -0.000000 -0.943427 0.943428 0.000000 0.331591 0.000000 -1.000000 0.000000
0.331588 -0.000000 -0.943424 0.943424 0.000000 0.331588 0.000000 -1.000000 0.000000
-1.003687 2.244458 0.000000
-1.003687 2.244458 0.000000
-1.003687 2.244458 0.000000
0.000000 0.000000 0.000000
953037864
Locator 12
953037864
0 1 0 1 1 1 1.000000 0
953037456 0 952192336 812615288 0 0
1.000000 1.000000 1.000000
1.000000 1.000000 1.000000
0.000000 0.000000 0.000000
0.000000 0.000000 0.000000
-0.149401 0.988777 0.000000 0.000000 0.000000 -1.000000 -0.988777 -0.149401 0.000000
-0.149401 0.988777 0.000000 0.000000 0.000000 -1.000000 -0.988777 -0.149401 0.000000
0.331588 0.000000 -0.943424 0.943425 0.000000 0.331589 0.000000 -1.000000 0.000000
-0.149401 0.000000 -0.988777 0.988777 0.000000 -0.149401 0.000000 -1.000000 0.000000
-1.003687 2.244458 0.000000
-1.003687 2.244458 0.000000
-1.003687 2.244458 0.000000
0.000000 0.000000 0.000000
953038272
860613344
Locator 13
953038272
0 1 0 1 1 0 1.000000 0
953037864 0 952192336 812615288 0 0
1.000000 1.000000 1.000000
1.000000 1.000000 1.000000
0.000000 0.000000 0.000000
0.000000 0.000000 0.000000
-0.149401 0.988777 0.000000 0.000000 0.000000 -1.000000 -0.988777 -0.149401 0.000000
-0.149401 0.988777 0.000000 0.000000 0.000000 -1.000000 -0.988777 -0.149401 0.000000
-0.149404 0.000000 -0.988777 0.988778 0.000000 -0.149403 0.000000 -1.000000 0.000000
-0.149401 0.000000 -0.988777 0.988777 0.000000 -0.149401 0.000000 -1.000000 0.000000
-2.267673 2.053473 0.000000
-2.267674 2.053473 0.000000
-2.267674 2.053473 0.000000
0.000000 0.000000 0.000000
953038680
Locator 14
953038680
0 1 0 1 1 1 1.000000 0
953038272 0 952192336 812612296 0 0
1.000000 1.000000 1.000000
1.000000 1.000000 1.000000
0.000000 0.000000 0.000000
0.000000 0.000000 0.000000
0.604551 -0.796566 0.000000 0.000000 0.000000 1.000000 -0.796566 -0.604551 0.000000
0.604551 -0.796566 0.000000 0.000000 0.000000 1.000000 -0.796566 -0.604551 0.000000
-0.149404 0.000000 -0.988777 0.988778 0.000000 -0.149403 0.000000 -1.000000 0.000000
0.604551 0.000000 -0.796566 -0.796566 0.000000 -0.604551 0.000000 1.000000 0.000000
-2.267673 2.053473 0.000000
-2.267674 2.053473 0.000000
-2.267674 2.053473 0.000000
0.000000 0.000000 0.000000
953039088
952225152
Locator 15
953039088
0 1 0 1 1 0 1.000000 0
953038680 0 952192336 812612296 0 0
1.000000 1.000000 1.000000
1.000000 1.000000 1.000000
0.000000 0.000000 0.000000
0.000000 0.000000 0.000000
0.604551 -0.796566 0.000000 0.000000 0.000000 1.000000 -0.796566 -0.604551 0.000000
0.604551 -0.796566 0.000000 0.000000 0.000000 1.000000 -0.796566 -0.604551 0.000000
0.604552 0.000000 -0.796564 -0.796566 0.000000 -0.604552 0.000000 1.000000 0.000000
0.604551 0.000000 -0.796566 -0.796566 0.000000 -0.604551 0.000000 1.000000 0.000000
-3.439457 1.164151 0.000000
-3.439458 1.164151 0.000000
-3.439458 1.164151 0.000000
0.000000 0.000000 0.000000
953040352
Locator 16
953040352
0 1 0 1 1 1 1.000000 0
953039088 0 952192336 953030304 0 0
1.000000 1.000000 1.000000
1.000000 1.000000 1.000000
0.000000 0.000000 0.000000
0.000000 0.000000 0.000000
0.765382 -0.643576 0.000000 0.000000 0.000000 1.000000 -0.643576 -0.765382 0.000000
0.765382 -0.643576 0.000000 0.000000 0.000000 1.000000 -0.643576 -0.765382 0.000000
0.604552 0.000000 -0.796564 -0.796566 0.000000 -0.604552 0.000000 1.000000 0.000000
0.765382 0.000000 -0.643576 -0.643576 0.000000 -0.765382 0.000000 1.000000 0.000000
-3.439457 1.164151 0.000000
-3.439458 1.164151 0.000000
-3.439458 1.164151 0.000000
0.000000 0.000000 0.000000
953039536
953014352
Locator 17
953039536
0 1 0 1 1 0 1.000000 0
953040352 0 952192336 953030304 0 0
1.000000 1.000000 1.000000
1.000000 1.000000 1.000000
0.000000 0.000000 0.000000
0.000000 0.000000 0.000000
0.765382 -0.643576 0.000000 0.000000 0.000000 1.000000 -0.643576 -0.765382 0.000000
0.765382 -0.643576 0.000000 0.000000 0.000000 1.000000 -0.643576 -0.765382 0.000000
0.765383 0.000000 -0.643575 -0.643579 0.000000 -0.765382 0.000000 1.000000 0.000000
0.765382 0.000000 -0.643576 -0.643576 0.000000 -0.765382 0.000000 1.000000 0.000000
-4.351307 0.079721 0.000000
-4.351308 0.079721 0.000000
-4.351308 0.079721 0.000000
0.000000 0.000000 0.000000
953041576
Locator 18
953041576
0 1 0 1 1 1 1.000000 0
953039536 0 952192336 953028944 0 0
1.000000 1.000000 1.000000
1.000000 1.000000 1.000000
0.000000 0.000000 0.000000
0.000000 0.000000 0.000000
0.559869 -0.828581 0.000000 0.000000 0.000000 1.000000 -0.828581 -0.559869 0.000000
0.559869 -0.828581 0.000000 0.000000 0.000000 1.000000 -0.828581 -0.559869 0.000000
0.765383 0.000000 -0.643575 -0.643579 0.000000 -0.765382 0.000000 1.000000 0.000000
0.559870 0.000000 -0.828581 -0.828581 0.000000 -0.559870 0.000000 1.000000 0.000000
-4.351307 0.079721 0.000000
-4.351308 0.079721 0.000000
-4.351308 0.079721 0.000000
0.000000 0.000000 0.000000
953042392
953014704
Locator 19
953042392
0 1 0 1 1 0 1.000000 0
953041576 0 952192336 953028944 0 0
1.000000 1.000000 1.000000
1.000000 1.000000 1.000000
0.000000 0.000000 0.000000
0.000000 0.000000 0.000000
0.559869 -0.828581 0.000000 0.000000 0.000000 1.000000 -0.828581 -0.559869 0.000000
0.559869 -0.828581 0.000000 0.000000 0.000000 1.000000 -0.828581 -0.559869 0.000000
0.559871 0.000000 -0.828583 -0.828584 0.000000 -0.559870 0.000000 1.000000 0.000000
0.559870 0.000000 -0.828581 -0.828581 0.000000 -0.559870 0.000000 1.000000 0.000000
-5.430457 -0.649457 0.000000
-5.430457 -0.649457 0.000000
-5.430457 -0.649457 0.000000
0.000000 0.000000 0.000000
953039944
Locator 20
953039944
0 1 0 1 1 1 1.000000 0
953042392 0 952192336 953029080 0 0
1.000000 1.000000 1.000000
1.000000 1.000000 1.000000
0.000000 0.000000 0.000000
0.000000 0.000000 0.000000
0.403833 -0.914833 0.000000 0.000000 0.000000 1.000000 -0.914833 -0.403833 0.000000
0.403833 -0.914833 0.000000 0.000000 0.000000 1.000000 -0.914833 -0.403833 0.000000
0.559871 0.000000 -0.828583 -0.828584 0.000000 -0.559870 0.000000 1.000000 0.000000
0.403833 0.000000 -0.914833 -0.914833 0.000000 -0.403833 0.000000 1.000000 0.000000
-5.430457 -0.649457 0.000000
-5.430457 -0.649457 0.000000
-5.430457 -0.649457 0.000000
0.000000 0.000000 0.000000
953042800
953015008
Locator 21
953042800
0 1 0 1 1 0 1.000000 0
953039944 0 952192336 953029080 0 0
1.000000 1.000000 1.000000
1.000000 1.000000 1.000000
0.000000 0.000000 0.000000
0.000000 0.000000 0.000000
0.403833 -0.914833 0.000000 0.000000 0.000000 1.000000 -0.914833 -0.403833 0.000000
0.403833 -0.914833 0.000000 0.000000 0.000000 1.000000 -0.914833 -0.403833 0.000000
0.403837 0.000000 -0.914833 -0.914834 0.000000 -0.403834 0.000000 1.000000 0.000000
0.403833 0.000000 -0.914833 -0.914833 0.000000 -0.403833 0.000000 1.000000 0.000000
-6.764864 -1.238503 0.000000
-6.764865 -1.238503 0.000000
-6.764865 -1.238503 0.000000
0.000000 0.000000 0.000000
953041984
Locator 22
953041984
0 1 0 1 1 1 1.000000 0
953042800 0 952192336 953026632 0 0
1.000000 1.000000 1.000000
1.000000 1.000000 1.000000
0.000000 0.000000 0.000000
0.000000 0.000000 0.000000
-0.185820 0.982584 0.000000 0.000000 0.000000 -1.000000 -0.982584 -0.185820 0.000000
-0.185820 0.982584 0.000000 0.000000 0.000000 -1.000000 -0.982584 -0.185820 0.000000
0.403837 0.000000 -0.914833 -0.914834 0.000000 -0.403834 0.000000 1.000000 0.000000
-0.185820 0.000000 -0.982584 0.982584 0.000000 -0.185820 0.000000 -1.000000 0.000000
-6.764864 -1.238503 0.000000
-6.764865 -1.238503 0.000000
-6.764865 -1.238503 0.000000
0.000000 0.000000 0.000000
953041168
953015328
Locator 23
953041168
0 1 0 1 1 0 1.000000 0
953041984 0 952192336 953026632 0 0
1.000000 1.000000 1.000000
1.000000 1.000000 1.000000
0.000000 0.000000 0.000000
0.000000 0.000000 0.000000
-0.185820 0.982584 0.000000 0.000000 0.000000 -1.000000 -0.982584 -0.185820 0.000000
-0.185820 0.982584 0.000000 0.000000 0.000000 -1.000000 -0.982584 -0.185820 0.000000
-0.185821 0.000000 -0.982585 0.982586 0.000000 -0.185818 0.000000 -1.000000 0.000000
-0.185820 0.000000 -0.982584 0.982584 0.000000 -0.185820 0.000000 -1.000000 0.000000
-8.151530 -1.500740 0.000000
-8.151531 -1.500740 0.000000
-8.151531 -1.500740 0.000000
0.000000 0.000000 0.000000
953040760
Locator 24
953040760
0 1 0 1 1 1 1.000000 0
953041168 0 952192336 953029624 0 0
1.000000 1.000000 1.000000
1.000000 1.000000 1.000000
0.000000 0.000000 0.000000
0.000000 0.000000 0.000000
0.047719 0.998861 0.000000 0.000000 0.000000 -1.000000 -0.998861 0.047719 0.000000
0.047719 0.998861 0.000000 0.000000 0.000000 -1.000000 -0.998861 0.047719 0.000000
-0.185821 0.000000 -0.982585 0.982586 0.000000 -0.185818 0.000000 -1.000000 0.000000
0.047719 -0.000000 -0.998861 0.998861 0.000000 0.047719 0.000000 -1.000000 0.000000
-8.151530 -1.500740 0.000000
-8.151531 -1.500740 0.000000
-8.151531 -1.500740 0.000000
0.000000 0.000000 0.000000
953056736
953015680
Locator 25
953056736
0 1 0 1 1 0 1.000000 0
953040760 0 952192336 953029624 0 0
1.000000 1.000000 1.000000
1.000000 1.000000 1.000000
0.000000 0.000000 0.000000
0.000000 0.000000 0.000000
0.047719 0.998861 0.000000 0.000000 0.000000 -1.000000 -0.998861 0.047719 0.000000
0.047719 0.998861 0.000000 0.000000 0.000000 -1.000000 -0.998861 0.047719 0.000000
0.047718 -0.000000 -0.998862 0.998862 0.000000 0.047722 0.000000 -1.000000 0.000000
0.047719 -0.000000 -0.998861 0.998861 0.000000 0.047719 0.000000 -1.000000 0.000000
-9.843513 -1.419908 0.000000
-9.843514 -1.419908 0.000000
-9.843514 -1.419908 0.000000
0.000000 0.000000 0.000000
953056328
Locator 26
953056328
0 1 0 1 1 1 1.000000 0
953056736 0 952192336 953026088 0 0
1.000000 1.000000 1.000000
1.000000 1.000000 1.000000
0.000000 0.000000 0.000000
0.000000 0.000000 0.000000
0.303274 0.952903 0.000000 0.000000 0.000000 -1.000000 -0.952903 0.303274 0.000000
0.303274 0.952903 0.000000 0.000000 0.000000 -1.000000 -0.952903 0.303274 0.000000
0.047718 -0.000000 -0.998862 0.998862 0.000000 0.047722 0.000000 -1.000000 0.000000
0.303274 -0.000000 -0.952903 0.952903 0.000000 0.303274 0.000000 -1.000000 0.000000
-9.843513 -1.419908 0.000000
-9.843514 -1.419908 0.000000
-9.843514 -1.419908 0.000000
0.000000 0.000000 0.000000
953055512
953016112
Locator 27
953055512
0 0 0 1 1 0 1.000000 0
953056328 0 952192336 953026088 0 0
1.000000 1.000000 1.000000
1.000000 1.000000 1.000000
0.000000 0.000000 0.000000
0.000000 0.000000 0.000000
0.303274 0.952903 0.000000 0.000000 0.000000 -1.000000 -0.952903 0.303274 0.000000
0.303274 0.952903 0.000000 0.000000 0.000000 -1.000000 -0.952903 0.303274 0.000000
0.303273 -0.000000 -0.952904 0.952902 0.000000 0.303277 0.000000 -1.000000 0.000000
0.303274 -0.000000 -0.952903 0.952903 0.000000 0.303274 0.000000 -1.000000 0.000000
-11.310786 -0.952929 0.000000
-11.310787 -0.952929 0.000000
-11.310787 -0.952929 0.000000
0.000000 0.000000 0.000000
IK B 35
953057144
3 1 0 1 1 0 1.000000 0
953036640 0 952192336 0 953034240 0
1.000000 1.000000 1.000000
1.000000 1.000000 1.000000
0.000000 0.000000 0.000000
0.000000 0.000000 0.000000
0.000000 -0.000000 -1.000000 0.225007 -0.974357 0.000000 -0.974357 -0.225007 0.000000
0.000000 -0.000000 -1.000000 0.225007 -0.974357 0.000000 -0.974357 -0.225007 0.000000
1.000000 0.000000 0.000000 0.000000 1.000000 0.000000 0.000000 0.000000 1.000000
0.000000 0.225007 -0.974357 -0.000000 -0.974357 -0.225007 -1.000000 0.000000 0.000000
-11.310787 -0.952929 0.000000
0.000000 0.000000 0.000000
-11.310787 -0.952929 0.000000
0.000000 0.000000 0.000000
953054696
Locator 28
953054696
0 1 0 1 1 1 1.000000 0
953057144 0 952192336 953029896 0 0
1.000000 1.000000 1.000000
1.000000 1.000000 1.000000
0.000000 0.000000 0.000000
0.000000 0.000000 0.000000
0.585561 0.810628 -0.000000 0.000000 0.000000 -1.000000 -0.810629 0.585564 0.000000
0.585561 0.810628 -0.000000 0.000000 0.000000 -1.000000 -0.810629 0.585564 0.000000
0.000000 0.225008 -0.974358 -0.000000 -0.974358 -0.225004 -1.000000 0.000000 0.000000
0.585561 0.000000 -0.810629 0.810628 0.000000 0.585564 0.000000 -1.000000 0.000000
-11.310787 -0.952929 0.000000
-11.310787 -0.952929 0.000000
-11.310787 -0.952929 0.000000
0.000000 0.000000 0.000000
953057960
953016176
Locator 29
953057960
0 1 0 1 1 0 1.000000 0
953054696 0 952192336 953029896 0 0
1.000000 1.000000 1.000000
1.000000 1.000000 1.000000
0.000000 0.000000 0.000000
0.000000 0.000000 0.000000
0.585561 0.810628 -0.000000 0.000000 0.000000 -1.000000 -0.810629 0.585564 0.000000
0.585561 0.810628 -0.000000 0.000000 0.000000 -1.000000 -0.810629 0.585564 0.000000
0.585553 0.000000 -0.810642 0.810632 0.000000 0.585583 0.000000 -1.000000 0.000000
0.585561 0.000000 -0.810629 0.810628 0.000000 0.585564 0.000000 -1.000000 0.000000
-12.533332 -0.069815 0.000000
-12.533330 -0.069818 0.000000
-12.533330 -0.069818 0.000000
0.000000 0.000000 0.000000
953059592
Locator 30
953059592
0 1 0 1 1 1 1.000000 0
953057960 0 952192336 953028808 0 0
1.000000 1.000000 1.000000
1.000000 1.000000 1.000000
0.000000 0.000000 0.000000
0.000000 0.000000 0.000000
0.791737 0.610859 -0.000000 0.000000 0.000000 -1.000000 -0.610864 0.791745 0.000000
0.791737 0.610859 -0.000000 0.000000 0.000000 -1.000000 -0.610864 0.791745 0.000000
0.585553 0.000000 -0.810642 0.810632 0.000000 0.585583 0.000000 -1.000000 0.000000
0.791738 0.000000 -0.610861 0.610860 0.000000 0.791741 0.000000 -1.000000 0.000000
-12.533332 -0.069815 0.000000
-12.533330 -0.069818 0.000000
-12.533330 -0.069818 0.000000
0.000000 0.000000 0.000000
953051840
952233352
Locator 31
953051840
0 0 0 1 1 0 1.000000 0
953059592 0 952192336 953028808 0 0
1.000000 1.000000 1.000000
1.000000 1.000000 1.000000
0.000000 0.000000 0.000000
0.000000 0.000000 0.000000
0.791737 0.610859 -0.000000 0.000000 0.000000 -1.000000 -0.610864 0.791745 0.000000
0.791737 0.610859 -0.000000 0.000000 0.000000 -1.000000 -0.610864 0.791745 0.000000
0.791732 0.000000 -0.610871 0.610861 0.000000 0.791763 0.000000 -1.000000 0.000000
0.791738 0.000000 -0.610861 0.610860 0.000000 0.791741 0.000000 -1.000000 0.000000
-13.392825 1.044180 0.000000
-13.392816 1.044169 0.000000
-13.392816 1.044169 0.000000
0.000000 0.000000 0.000000
Pole 35
953052248
0 0 0 1 1 0 2.000000 0
785305856 0 0 0 0 859948800
1.000000 1.000000 1.000000
1.000000 1.000000 1.000000
0.000000 0.000000 0.000000
0.000000 0.000000 0.000000
1.000000 0.000000 0.000000 0.000000 1.000000 0.000000 0.000000 0.000000 1.000000
1.000000 0.000000 0.000000 0.000000 1.000000 0.000000 0.000000 0.000000 1.000000
1.000000 0.000000 0.000000 0.000000 1.000000 0.000000 0.000000 0.000000 1.000000
1.000000 0.000000 0.000000 0.000000 1.000000 0.000000 0.000000 0.000000 1.000000
-5.316920 -2.792816 0.000000
0.000000 0.000000 0.000000
-5.316920 -2.792816 0.000000
0.000000 0.000000 0.000000

