Transformers
42
Object 6
1063672736
0 0 0 0 1 0 0.600000
785223040 1062759216 0 0 0
1.000000 1.000000 1.000000
1.000000 1.000000 1.000000
0.000000 0.000000 0.000000
0.000000 0.000000 0.000000
1.000000 0.000000 0.000000 0.000000 1.000000 0.000000 0.000000 0.000000 1.000000
1.000000 0.000000 0.000000 0.000000 1.000000 0.000000 0.000000 0.000000 1.000000
1.000000 0.000000 0.000000 0.000000 1.000000 0.000000 0.000000 0.000000 1.000000
1.000000 0.000000 0.000000 0.000000 1.000000 0.000000 0.000000 0.000000 1.000000
0.000000 0.000000 0.000000
0.000000 0.000000 0.000000
0.000000 0.000000 0.000000
0.000000 0.000000 0.000000
Locator 7
1063674576
4 1 0 1 1 0 0.600000
785223040 0 1063654576 0 0
1.000000 1.000000 1.000000
1.000000 1.000000 1.000000
0.000000 0.000000 0.000000
0.000000 0.000000 0.000000
1.000000 0.000000 0.000000 0.000000 1.000000 0.000000 0.000000 0.000000 1.000000
1.000000 0.000000 0.000000 0.000000 1.000000 0.000000 0.000000 0.000000 1.000000
1.000000 0.000000 0.000000 0.000000 1.000000 0.000000 0.000000 0.000000 1.000000
1.000000 0.000000 0.000000 0.000000 1.000000 0.000000 0.000000 0.000000 1.000000
2.681816 -2.167676 0.000000
0.000000 0.000000 0.000000
2.681816 -2.167676 0.000000
0.000000 0.000000 0.000000
1063675296
Locator 8
1063675296
0 1 0 1 1 1 0.600000
1063674576 0 1063654576 812745584 0
1.000000 1.000000 1.000000
1.000000 1.000000 1.000000
0.000000 0.000000 0.000000
0.000000 0.000000 0.000000
0.197258 0.943017 -0.267972 -0.187523 -0.232001 -0.954469 -0.962250 0.238528 0.131073
0.197258 0.943017 -0.267972 -0.187523 -0.232001 -0.954469 -0.962250 0.238528 0.131073
1.000000 0.000000 0.000000 0.000000 1.000000 0.000000 0.000000 0.000000 1.000000
0.197258 -0.187523 -0.962250 0.943017 -0.232001 0.238528 -0.267972 -0.954469 0.131073
2.681816 -2.167676 0.000000
0.000000 0.000000 0.000000
2.681816 -2.167676 0.000000
0.000000 0.000000 0.000000
1063673136
1062774960
Locator 9
1063673136
1 1 0 1 1 0 0.600000
1063675296 0 1063654576 812745584 0
1.000000 1.000000 1.000000
1.000000 1.000000 1.000000
0.000000 0.000000 0.000000
0.000000 0.000000 0.000000
0.197258 0.943017 -0.267972 -0.187523 -0.232001 -0.954469 -0.962250 0.238528 0.131073
0.197258 0.943017 -0.267972 -0.187523 -0.232001 -0.954469 -0.962250 0.238528 0.131073
0.197258 -0.187523 -0.962251 0.943018 -0.232001 0.238529 -0.267972 -0.954469 0.131073
0.197258 -0.187523 -0.962250 0.943017 -0.232001 0.238528 -0.267972 -0.954469 0.131073
0.033515 -1.511201 0.360740
0.000000 0.000000 0.000000
0.033515 -1.511201 0.360740
0.000000 0.000000 0.000000
1063676016
Locator 10
1063676016
0 1 0 1 1 1 0.600000
1063673136 0 1063654576 812745720 0
1.000000 1.000000 1.000000
1.000000 1.000000 1.000000
0.000000 0.000000 0.000000
0.000000 0.000000 0.000000
0.635448 0.686161 0.354105 -0.005976 0.462957 -0.886361 -0.772122 0.561121 0.298285
0.635448 0.686161 0.354105 -0.005976 0.462957 -0.886361 -0.772122 0.561121 0.298285
0.197258 -0.187523 -0.962251 0.943018 -0.232001 0.238529 -0.267972 -0.954469 0.131073
0.635448 -0.005976 -0.772121 0.686160 0.462957 0.561120 0.354105 -0.886361 0.298285
0.033515 -1.511201 0.360740
0.000000 0.000000 0.000000
0.033515 -1.511201 0.360740
0.000000 0.000000 0.000000
1063676376
1062760888
Locator 11
1063676376
1 2 0 1 1 0 0.600000
1063676016 0 1063654576 812745720 0
1.000000 1.000000 1.000000
1.000000 1.000000 1.000000
0.000000 0.000000 0.000000
0.000000 0.000000 0.000000
0.635448 0.686161 0.354105 -0.005976 0.462957 -0.886361 -0.772122 0.561121 0.298285
0.635448 0.686161 0.354105 -0.005976 0.462957 -0.886361 -0.772122 0.561121 0.298285
0.635448 -0.005976 -0.772122 0.686160 0.462958 0.561120 0.354105 -0.886361 0.298285
0.635448 -0.005976 -0.772121 0.686160 0.462957 0.561120 0.354105 -0.886361 0.298285
-1.596387 -0.326710 0.990402
0.000000 0.000000 0.000000
-1.596387 -0.326710 0.990402
0.000000 0.000000 0.000000
1063674936
1063683000
Locator 12
1063674936
0 1 0 1 1 1 0.600000
1063676376 0 1063654576 812745856 0
1.000000 1.000000 1.000000
1.000000 1.000000 1.000000
0.000000 0.000000 0.000000
0.000000 0.000000 0.000000
0.453000 0.144625 -0.879701 -0.647210 -0.625268 -0.436074 -0.613117 0.766894 -0.189645
0.453000 0.144625 -0.879701 -0.647210 -0.625268 -0.436074 -0.613117 0.766894 -0.189645
0.635448 -0.005976 -0.772122 0.686160 0.462958 0.561120 0.354105 -0.886361 0.298285
0.453000 -0.647209 -0.613116 0.144625 -0.625268 0.766892 -0.879701 -0.436074 -0.189644
-1.596387 -0.326710 0.990402
0.000000 0.000000 0.000000
-1.596387 -0.326710 0.990402
0.000000 0.000000 0.000000
1063676736
1062787912
Locator 13
1063676736
1 1 0 1 1 0 0.600000
1063674936 0 1063654576 812745856 0
1.000000 1.000000 1.000000
1.000000 1.000000 1.000000
0.000000 0.000000 0.000000
0.000000 0.000000 0.000000
0.453000 0.144625 -0.879701 -0.647210 -0.625268 -0.436074 -0.613117 0.766894 -0.189645
0.453000 0.144625 -0.879701 -0.647210 -0.625268 -0.436074 -0.613117 0.766894 -0.189645
0.453000 -0.647209 -0.613116 0.144625 -0.625268 0.766892 -0.879700 -0.436074 -0.189644
0.453000 -0.647209 -0.613116 0.144625 -0.625268 0.766892 -0.879701 -0.436074 -0.189644
-3.054959 1.497687 0.539249
0.000000 0.000000 0.000000
-3.054959 1.497687 0.539249
0.000000 0.000000 0.000000
1063675656
Locator 14
1063675656
0 1 0 1 1 1 0.600000
1063676736 0 1063654576 812745992 0
1.000000 1.000000 1.000000
1.000000 1.000000 1.000000
0.000000 0.000000 0.000000
0.000000 0.000000 0.000000
-0.266471 -0.960048 -0.085458 -0.298054 -0.002241 0.954545 -0.916602 0.279831 -0.285550
-0.266471 -0.960048 -0.085458 -0.298054 -0.002241 0.954545 -0.916602 0.279831 -0.285550
0.453000 -0.647209 -0.613116 0.144625 -0.625268 0.766892 -0.879700 -0.436074 -0.189644
-0.266471 -0.298054 -0.916601 -0.960047 -0.002240 0.279830 -0.085458 0.954546 -0.285549
-3.054959 1.497687 0.539249
0.000000 0.000000 0.000000
-3.054959 1.497687 0.539249
0.000000 0.000000 0.000000
1063673496
1062771160
Locator 15
1063673496
1 2 0 1 1 0 0.600000
1063675656 0 1063654576 812745992 0
1.000000 1.000000 1.000000
1.000000 1.000000 1.000000
0.000000 0.000000 0.000000
0.000000 0.000000 0.000000
-0.266471 -0.960048 -0.085458 -0.298054 -0.002241 0.954545 -0.916602 0.279831 -0.285550
-0.266471 -0.960048 -0.085458 -0.298054 -0.002241 0.954545 -0.916602 0.279831 -0.285550
-0.266471 -0.298054 -0.916601 -0.960047 -0.002240 0.279830 -0.085458 0.954545 -0.285549
-0.266471 -0.298054 -0.916601 -0.960047 -0.002240 0.279830 -0.085458 0.954546 -0.285549
-4.641057 1.981908 0.045131
0.000000 0.000000 0.000000
-4.641057 1.981908 0.045131
0.000000 0.000000 0.000000
1063674216
1063678680
Locator 16
1063674216
0 1 0 1 1 1 0.600000
1063673496 0 1063654576 1063661560 0
1.000000 1.000000 1.000000
1.000000 1.000000 1.000000
0.000000 0.000000 0.000000
0.000000 0.000000 0.000000
0.439167 0.640586 0.629908 0.334282 0.534285 -0.776398 -0.833900 0.551537 0.020503
0.439167 0.640586 0.629908 0.334282 0.534285 -0.776398 -0.833900 0.551537 0.020503
-0.266471 -0.298054 -0.916601 -0.960047 -0.002240 0.279830 -0.085458 0.954545 -0.285549
0.439166 0.334282 -0.833899 0.640585 0.534284 0.551536 0.629908 -0.776399 0.020504
-4.641057 1.981908 0.045131
0.000000 0.000000 0.000000
-4.641057 1.981908 0.045131
0.000000 0.000000 0.000000
1063673856
1062771224
Locator 17
1063673856
1 1 0 1 1 0 0.600000
1063674216 0 1063654576 1063661560 0
1.000000 1.000000 1.000000
1.000000 1.000000 1.000000
0.000000 0.000000 0.000000
0.000000 0.000000 0.000000
0.439167 0.640586 0.629908 0.334282 0.534285 -0.776398 -0.833900 0.551537 0.020503
0.439167 0.640586 0.629908 0.334282 0.534285 -0.776398 -0.833900 0.551537 0.020503
0.439165 0.334281 -0.833898 0.640585 0.534283 0.551537 0.629908 -0.776399 0.020505
0.439166 0.334282 -0.833899 0.640585 0.534284 0.551536 0.629908 -0.776399 0.020504
-7.181239 3.661968 0.107589
0.000000 0.000000 0.000000
-7.181239 3.661968 0.107589
0.000000 0.000000 0.000000
1063681200
Locator 18
1063681200
0 1 0 1 1 1 0.600000
1063673856 0 1063654576 1063661696 0
1.000000 1.000000 1.000000
1.000000 1.000000 1.000000
0.000000 0.000000 0.000000
0.000000 0.000000 0.000000
0.810259 0.518173 0.273822 0.136028 0.288181 -0.947864 -0.570069 0.805265 0.163015
0.810259 0.518173 0.273822 0.136028 0.288181 -0.947864 -0.570069 0.805265 0.163015
0.439165 0.334281 -0.833898 0.640585 0.534283 0.551537 0.629908 -0.776399 0.020505
0.810259 0.136029 -0.570068 0.518173 0.288181 0.805263 0.273822 -0.947865 0.163015
-7.181239 3.661968 0.107589
0.000000 0.000000 0.000000
-7.181239 3.661968 0.107589
0.000000 0.000000 0.000000
1063684800
1062771288
Locator 19
1063684800
1 0 0 1 1 0 0.600000
1063681200 0 1063654576 1063661696 0
1.000000 1.000000 1.000000
1.000000 1.000000 1.000000
0.000000 0.000000 0.000000
0.000000 0.000000 0.000000
0.810259 0.518173 0.273822 0.136028 0.288181 -0.947864 -0.570069 0.805265 0.163015
0.810259 0.518173 0.273822 0.136028 0.288181 -0.947864 -0.570069 0.805265 0.163015
0.810260 0.136029 -0.570068 0.518174 0.288181 0.805263 0.273822 -0.947865 0.163015
0.810259 0.136029 -0.570068 0.518173 0.288181 0.805263 0.273822 -0.947865 0.163015
-8.485321 5.504082 0.480500
0.000000 0.000000 0.000000
-8.485321 5.504082 0.480500
0.000000 0.000000 0.000000
Locator 20
1063678680
0 1 0 1 1 1 0.600000
1063673496 0 1063654576 1063663464 0
1.000000 1.000000 1.000000
1.000000 1.000000 1.000000
0.000000 0.000000 0.000000
0.000000 0.000000 0.000000
0.426069 -0.811116 0.400697 -0.175359 0.360467 0.916139 -0.887534 -0.460604 0.011347
0.426069 -0.811116 0.400697 -0.175359 0.360467 0.916139 -0.887534 -0.460604 0.011347
-0.266471 -0.298054 -0.916601 -0.960047 -0.002240 0.279830 -0.085458 0.954545 -0.285549
0.426068 -0.175359 -0.887533 -0.811115 0.360467 -0.460604 0.400697 0.916140 0.011348
-4.641057 1.981908 0.045131
0.000000 0.000000 0.000000
-4.641057 1.981908 0.045131
0.000000 0.000000 0.000000
1063683720
858648416
Locator 21
1063683720
1 1 0 1 1 0 0.600000
1063678680 0 1063654576 1063663464 0
1.000000 1.000000 1.000000
1.000000 1.000000 1.000000
0.000000 0.000000 0.000000
0.000000 0.000000 0.000000
0.426069 -0.811116 0.400697 -0.175359 0.360467 0.916139 -0.887534 -0.460604 0.011347
0.426069 -0.811116 0.400697 -0.175359 0.360467 0.916139 -0.887534 -0.460604 0.011347
0.426067 -0.175360 -0.887533 -0.811115 0.360467 -0.460604 0.400696 0.916140 0.011349
0.426068 -0.175359 -0.887533 -0.811115 0.360467 -0.460604 0.400697 0.916140 0.011348
-6.614439 0.957780 0.070362
0.000000 0.000000 0.000000
-6.614439 0.957780 0.070362
0.000000 0.000000 0.000000
1063679040
Locator 22
1063679040
0 1 0 1 1 1 0.600000
1063683720 0 1063654576 1063663328 0
1.000000 1.000000 1.000000
1.000000 1.000000 1.000000
0.000000 0.000000 0.000000
0.000000 0.000000 0.000000
0.597026 -0.800162 0.057484 -0.017626 0.058554 0.998127 -0.802030 -0.596922 0.020854
0.597026 -0.800162 0.057484 -0.017626 0.058554 0.998127 -0.802030 -0.596922 0.020854
0.426067 -0.175360 -0.887533 -0.811115 0.360467 -0.460604 0.400696 0.916140 0.011349
0.597025 -0.017626 -0.802029 -0.800161 0.058554 -0.596921 0.057484 0.998129 0.020854
-6.614439 0.957780 0.070362
0.000000 0.000000 0.000000
-6.614439 0.957780 0.070362
0.000000 0.000000 0.000000
1063684440
858648480
Locator 23
1063684440
1 1 0 1 1 0 0.600000
1063679040 0 1063654576 1063663328 0
1.000000 1.000000 1.000000
1.000000 1.000000 1.000000
0.000000 0.000000 0.000000
0.000000 0.000000 0.000000
0.597026 -0.800162 0.057484 -0.017626 0.058554 0.998127 -0.802030 -0.596922 0.020854
0.597026 -0.800162 0.057484 -0.017626 0.058554 0.998127 -0.802030 -0.596922 0.020854
0.597025 -0.017625 -0.802029 -0.800162 0.058554 -0.596921 0.057485 0.998130 0.020853
0.597025 -0.017626 -0.802029 -0.800161 0.058554 -0.596921 0.057484 0.998129 0.020854
-8.305048 -0.300479 0.114321
0.000000 0.000000 0.000000
-8.305048 -0.300479 0.114321
0.000000 0.000000 0.000000
1063682280
Locator 24
1063682280
0 1 0 1 1 1 0.600000
1063684440 0 1063654576 1063660336 0
1.000000 1.000000 1.000000
1.000000 1.000000 1.000000
0.000000 0.000000 0.000000
0.000000 0.000000 0.000000
0.170884 0.982115 -0.079074 0.038790 -0.086898 -0.995461 -0.984528 0.167042 -0.052947
0.170884 0.982115 -0.079074 0.038790 -0.086898 -0.995461 -0.984528 0.167042 -0.052947
0.597025 -0.017625 -0.802029 -0.800162 0.058554 -0.596921 0.057485 0.998130 0.020853
0.170884 0.038791 -0.984527 0.982113 -0.086898 0.167041 -0.079074 -0.995462 -0.052946
-8.305048 -0.300479 0.114321
0.000000 0.000000 0.000000
-8.305048 -0.300479 0.114321
0.000000 0.000000 0.000000
1063677240
1062780800
Locator 25
1063677240
1 0 0 1 1 0 0.600000
1063682280 0 1063654576 1063660336 0
1.000000 1.000000 1.000000
1.000000 1.000000 1.000000
0.000000 0.000000 0.000000
0.000000 0.000000 0.000000
0.170884 0.982115 -0.079074 0.038790 -0.086898 -0.995461 -0.984528 0.167042 -0.052947
0.170884 0.982115 -0.079074 0.038790 -0.086898 -0.995461 -0.984528 0.167042 -0.052947
0.170884 0.038792 -0.984526 0.982113 -0.086898 0.167041 -0.079074 -0.995463 -0.052945
0.170884 0.038791 -0.984527 0.982113 -0.086898 0.167041 -0.079074 -0.995462 -0.052946
-10.430831 0.060194 0.000000
0.000000 0.000000 0.000000
-10.430831 0.060194 0.000000
0.000000 0.000000 0.000000
IK A 44
1063683000
2 2 0 1 1 0 0.600000
1063676376 0 1063654576 0 1063672064
1.000000 1.000000 1.000000
1.000000 1.000000 1.000000
0.000000 0.000000 0.000000
0.000000 0.000000 0.000000
0.312217 -0.841203 -0.441475 -0.240067 0.379764 -0.893392 0.919180 0.384915 -0.083376
0.312217 -0.841203 -0.441475 -0.240067 0.379764 -0.893392 0.919180 0.384915 -0.083376
-0.535131 0.000000 -0.844769 -0.208326 0.969116 0.131967 0.818679 0.246607 -0.518604
0.312216 -0.240066 0.919179 -0.841202 0.379763 0.384914 -0.441475 -0.893391 -0.083376
-1.596387 -0.326710 0.990402
0.000000 0.000000 0.000000
-1.596387 -0.326710 0.990402
0.000000 0.000000 0.000000
1063682640
1063699040
Locator 26
1063682640
0 1 0 1 1 1 0.600000
1063683000 0 1063654576 1063662376 0
1.000000 1.000000 1.000000
1.000000 1.000000 1.000000
0.000000 0.000000 0.000000
0.000000 0.000000 0.000000
-0.444059 0.756144 -0.391529 -0.135738 0.373064 0.874434 0.875332 0.478669 -0.068339
-0.444059 0.756144 -0.391529 -0.135738 0.373064 0.874434 0.875332 0.478669 -0.068339
0.312216 -0.240066 0.919179 -0.841202 0.379763 0.384914 -0.441475 -0.893391 -0.083376
-0.742966 -0.080263 0.664499 0.589981 0.390336 0.706796 -0.316108 0.917167 -0.242653
-1.596387 -0.326710 0.990402
0.000000 0.000000 0.000000
-1.596387 -0.326710 0.990402
0.000000 0.000000 0.000000
1063683360
1062781280
Locator 27
1063683360
1 1 0 1 1 0 0.600000
1063682640 0 1063654576 1063662376 0
1.000000 1.000000 1.000000
1.000000 1.000000 1.000000
0.000000 0.000000 0.000000
0.000000 0.000000 0.000000
-0.444059 0.756144 -0.391529 -0.135738 0.373064 0.874434 0.875332 0.478669 -0.068339
-0.444059 0.756144 -0.391529 -0.135738 0.373064 0.874434 0.875332 0.478669 -0.068339
-0.742966 -0.080263 0.664499 0.589981 0.390336 0.706796 -0.316108 0.917167 -0.242653
-0.742966 -0.080263 0.664499 0.589981 0.390336 0.706796 -0.316108 0.917167 -0.242653
1.400723 1.312237 0.756410
0.000000 0.000000 0.000000
0.367258 1.761925 0.273345
0.000000 0.000000 0.000000
1063677600
Locator 28
1063677600
0 1 0 1 1 1 0.600000
1063683360 0 1063654576 1063662512 0
1.000000 1.000000 1.000000
1.000000 1.000000 1.000000
0.000000 0.000000 0.000000
0.000000 0.000000 0.000000
-0.462971 0.819291 -0.191459 -0.035655 0.199229 0.938761 0.875332 0.478669 -0.068340
-0.462971 0.819291 -0.191459 -0.035655 0.199229 0.938761 0.875332 0.478669 -0.068340
-0.742966 -0.080263 0.664499 0.589981 0.390336 0.706796 -0.316108 0.917167 -0.242653
-0.716334 0.005734 0.697734 0.684662 0.198598 0.701282 -0.134548 0.980064 -0.146189
1.400723 1.312237 0.756410
0.000000 0.000000 0.000000
0.367258 1.761925 0.273345
0.000000 0.000000 0.000000
1063680840
1062781504
Locator 29
1063680840
1 1 0 1 1 0 0.600000
1063677600 0 1063654576 1063662512 0
1.000000 1.000000 1.000000
1.000000 1.000000 1.000000
0.000000 0.000000 0.000000
0.000000 0.000000 0.000000
-0.462971 0.819291 -0.191459 -0.035655 0.199229 0.938761 0.875332 0.478669 -0.068340
-0.462971 0.819291 -0.191459 -0.035655 0.199229 0.938761 0.875332 0.478669 -0.068340
-0.716334 0.005734 0.697734 0.684662 0.198597 0.701282 -0.134548 0.980064 -0.146189
-0.716334 0.005734 0.697734 0.684662 0.198598 0.701282 -0.134548 0.980064 -0.146189
3.807552 2.628393 0.568502
0.000000 0.000000 0.000000
2.023031 3.426118 -0.073571
0.000000 0.000000 0.000000
1063681920
Locator 30
1063681920
0 1 0 1 1 1 0.600000
1063680840 0 1063654576 1063662240 0
1.000000 1.000000 1.000000
1.000000 1.000000 1.000000
0.000000 0.000000 0.000000
0.000000 0.000000 0.000000
-0.418633 0.808977 0.304201 0.200897 -0.237668 0.908510 0.875332 0.478669 -0.068340
-0.418633 0.808977 0.304201 0.200897 -0.237668 0.908510 0.875332 0.478669 -0.068340
-0.716334 0.005734 0.697734 0.684662 0.198597 0.701282 -0.134548 0.980064 -0.146189
-0.464036 0.202099 0.862454 0.816753 -0.279283 0.504891 0.342907 0.938700 -0.035468
3.807552 2.628393 0.568502
0.000000 0.000000 0.000000
2.023031 3.426118 -0.073571
0.000000 0.000000 0.000000
1063681560
1062781928
Locator 31
1063681560
1 2 0 1 1 0 0.600000
1063681920 0 1063654576 1063662240 0
1.000000 1.000000 1.000000
1.000000 1.000000 1.000000
0.000000 0.000000 0.000000
0.000000 0.000000 0.000000
-0.418633 0.808977 0.304201 0.200897 -0.237668 0.908510 0.875332 0.478669 -0.068340
-0.418633 0.808977 0.304201 0.200897 -0.237668 0.908510 0.875332 0.478669 -0.068340
-0.464037 0.202099 0.862454 0.816753 -0.279284 0.504891 0.342906 0.938699 -0.035469
-0.464036 0.202099 0.862454 0.816753 -0.279283 0.504891 0.342907 0.938700 -0.035468
5.547175 3.579693 0.432685
0.000000 0.000000 0.000000
3.502333 4.292120 -0.134406
0.000000 0.000000 0.000000
1063680480
1063694720
Locator 38
1063680480
0 1 0 1 1 1 0.600000
1063681560 0 1063654576 1063660472 0
1.000000 1.000000 1.000000
1.000000 1.000000 1.000000
0.000000 0.000000 0.000000
0.000000 0.000000 0.000000
0.420376 -0.695727 0.511354 0.197224 -0.476333 -0.810213 0.875332 0.478669 -0.068339
0.420376 -0.695727 0.511354 0.197224 -0.476333 -0.810213 0.875332 0.478669 -0.068339
-0.464037 0.202099 0.862454 0.816753 -0.279284 0.504891 0.342906 0.938699 -0.035469
-0.391292 0.134030 0.910454 -0.817575 -0.504783 -0.277064 0.422447 -0.852778 0.307097
5.547175 3.579693 0.432685
0.000000 0.000000 0.000000
3.502333 4.292120 -0.134406
0.000000 0.000000 0.000000
1063693640
1062783464
Locator 39
1063693640
1 1 0 1 1 0 0.600000
1063680480 0 1063654576 1063660472 0
1.000000 1.000000 1.000000
1.000000 1.000000 1.000000
0.000000 0.000000 0.000000
0.000000 0.000000 0.000000
0.420376 -0.695727 0.511354 0.197224 -0.476333 -0.810213 0.875332 0.478669 -0.068339
0.420376 -0.695727 0.511354 0.197224 -0.476333 -0.810213 0.875332 0.478669 -0.068339
-0.391291 0.134029 0.910454 -0.817575 -0.504783 -0.277064 0.422447 -0.852778 0.307097
-0.391292 0.134030 0.910454 -0.817575 -0.504783 -0.277064 0.422447 -0.852778 0.307097
7.588533 4.695994 0.273311
0.000000 0.000000 0.000000
5.334830 3.734465 0.483696
0.000000 0.000000 0.000000
1063701200
Locator 40
1063701200
0 1 0 1 1 1 0.600000
1063693640 0 1063654576 1063662784 0
1.000000 1.000000 1.000000
1.000000 1.000000 1.000000
0.000000 0.000000 0.000000
0.000000 0.000000 0.000000
0.450041 -0.773117 0.349270 0.114350 -0.336483 -0.892154 0.875332 0.478668 -0.068340
0.450041 -0.773117 0.349270 0.114350 -0.336483 -0.892154 0.875332 0.478668 -0.068340
-0.391291 0.134029 0.910454 -0.817575 -0.504783 -0.277064 0.422447 -0.852778 0.307097
-0.064822 0.061735 0.995985 -0.935965 -0.349900 -0.039227 0.346074 -0.934751 0.080463
7.588533 4.695994 0.273311
0.000000 0.000000 0.000000
5.334830 3.734465 0.483696
0.000000 0.000000 0.000000
1063697960
1062782248
Locator 41
1063697960
1 1 0 1 1 0 0.600000
1063701200 0 1063654576 1063662784 0
1.000000 1.000000 1.000000
1.000000 1.000000 1.000000
0.000000 0.000000 0.000000
0.000000 0.000000 0.000000
0.450041 -0.773117 0.349270 0.114350 -0.336483 -0.892154 0.875332 0.478668 -0.068340
0.450041 -0.773117 0.349270 0.114350 -0.336483 -0.892154 0.875332 0.478668 -0.068340
-0.064821 0.061736 0.995984 -0.935965 -0.349900 -0.039228 0.346074 -0.934751 0.080463
-0.064822 0.061735 0.995985 -0.935965 -0.349900 -0.039227 0.346074 -0.934751 0.080463
9.162507 5.556709 0.150426
0.000000 0.000000 0.000000
6.880498 3.673588 0.608567
0.000000 0.000000 0.000000
1063698320
Locator 42
1063698320
0 1 0 1 1 1 0.600000
1063697960 0 1063654576 1063662920 0
1.000000 1.000000 1.000000
1.000000 1.000000 1.000000
0.000000 0.000000 0.000000
0.000000 0.000000 0.000000
0.298805 -0.639397 -0.651247 -0.355428 0.549637 -0.702713 0.875332 0.478669 -0.068340
0.298805 -0.639397 -0.651247 -0.355428 0.549637 -0.702713 0.875332 0.478669 -0.068340
-0.064821 0.061736 0.995984 -0.935965 -0.349900 -0.039228 0.346074 -0.934751 0.080463
0.013666 -0.323342 0.946184 -0.755374 0.616671 0.221647 -0.655152 -0.717751 -0.235816
9.162507 5.556709 0.150426
0.000000 0.000000 0.000000
6.880498 3.673588 0.608567
0.000000 0.000000 0.000000
1063695080
1062782568
Locator 43
1063695080
1 0 0 1 1 0 0.600000
1063698320 0 1063654576 1063662920 0
1.000000 1.000000 1.000000
1.000000 1.000000 1.000000
0.000000 0.000000 0.000000
0.000000 0.000000 0.000000
0.298805 -0.639397 -0.651247 -0.355428 0.549637 -0.702713 0.875332 0.478669 -0.068340
0.298805 -0.639397 -0.651247 -0.355428 0.549637 -0.702713 0.875332 0.478669 -0.068340
0.013667 -0.323341 0.946183 -0.755374 0.616671 0.221647 -0.655152 -0.717751 -0.235817
0.013666 -0.323342 0.946184 -0.755374 0.616671 0.221647 -0.655152 -0.717751 -0.235816
11.779898 6.988010 -0.053920
0.000000 0.000000 0.000000
9.322296 4.245588 0.000000
0.000000 0.000000 0.000000
IK A 46
1063694720
2 2 0 1 1 0 0.600000
1063681560 0 1063654576 0 1062774296
1.000000 1.000000 1.000000
1.000000 1.000000 1.000000
0.000000 0.000000 0.000000
0.000000 0.000000 0.000000
-0.965581 0.009738 0.216064 0.222217 0.229797 0.908086 -0.009640 0.941888 -0.226485
-0.965581 0.009738 0.216064 0.222217 0.229797 0.908086 -0.009640 0.941888 -0.226485
0.518119 -0.000000 -0.855308 0.400238 0.883757 0.242452 0.755885 -0.467946 0.457892
-0.978090 0.201985 -0.050418 -0.008662 0.202489 0.979246 0.208003 0.958228 -0.196303
5.547175 3.579693 0.432685
0.000000 0.000000 0.000000
3.502333 4.292120 -0.134406
0.000000 0.000000 0.000000
1063684080
1063695800
Locator 32
1063684080
0 1 1 1 1 1 0.600000
1063694720 0 1063654576 1063662648 0
1.000000 1.000000 1.000000
1.000000 1.000000 1.000000
0.000000 0.000000 0.000000
0.000000 0.000000 0.000000
0.871078 0.454456 0.195913 0.288314 -0.143673 -0.948642 -0.401486 0.879580 -0.255242
0.871078 0.454456 0.195913 0.288314 -0.143673 -0.948642 -0.401486 0.879580 -0.255242
-0.978090 0.201985 -0.050419 -0.008662 0.202488 0.979246 0.208003 0.958226 -0.196303
0.792053 -0.036858 0.609339 -0.603430 -0.198243 0.772381 0.092329 -0.979460 -0.179260
5.547175 3.579693 0.432685
0.000000 0.000000 0.000000
3.502333 4.292120 -0.134406
0.000000 0.000000 0.000000
1063679400
1062782184
Locator 33
1063679400
1 1 0 1 1 0 0.600000
1063684080 0 1063654576 1063662648 0
1.000000 1.000000 1.000000
1.000000 1.000000 1.000000
0.000000 0.000000 0.000000
0.000000 0.000000 0.000000
0.871078 0.454456 0.195913 0.288314 -0.143673 -0.948642 -0.401486 0.879580 -0.255242
0.871078 0.454456 0.195913 0.288314 -0.143673 -0.948642 -0.401486 0.879580 -0.255242
0.792052 -0.036858 0.609339 -0.603430 -0.198243 0.772381 0.092329 -0.979459 -0.179260
0.792053 -0.036858 0.609339 -0.603430 -0.198243 0.772381 0.092329 -0.979460 -0.179260
4.697567 5.441024 -0.107448
0.000000 0.000000 0.000000
4.800833 5.938061 -0.516409
0.000000 0.000000 0.000000
1063677960
Locator 34
1063677960
0 1 0 1 1 1 0.600000
1063679400 0 1063654576 1063661968 0
1.000000 1.000000 1.000000
1.000000 1.000000 1.000000
0.000000 0.000000 0.000000
0.000000 0.000000 0.000000
-0.402374 -0.613492 -0.682211 -0.700575 -0.275572 0.661018 -0.591325 0.741190 -0.317761
-0.402374 -0.613492 -0.682211 -0.700575 -0.275572 0.661018 -0.591325 0.741190 -0.317761
0.792052 -0.036858 0.609339 -0.603430 -0.198243 0.772381 0.092329 -0.979459 -0.179260
-0.794580 -0.587316 -0.153958 -0.280301 0.129904 0.951082 -0.538586 0.798865 -0.267844
4.697567 5.441024 -0.107448
0.000000 0.000000 0.000000
4.800833 5.938061 -0.516409
0.000000 0.000000 0.000000
1063678320
1062783336
Locator 35
1063678320
1 1 0 1 1 0 0.600000
1063677960 0 1063654576 1063661968 0
1.000000 1.000000 1.000000
1.000000 1.000000 1.000000
0.000000 0.000000 0.000000
0.000000 0.000000 0.000000
-0.402374 -0.613492 -0.682211 -0.700575 -0.275572 0.661018 -0.591325 0.741190 -0.317761
-0.402374 -0.613492 -0.682211 -0.700575 -0.275572 0.661018 -0.591325 0.741190 -0.317761
-0.794580 -0.587317 -0.153959 -0.280300 0.129904 0.951082 -0.538585 0.798864 -0.267844
-0.794580 -0.587316 -0.153958 -0.280301 0.129904 0.951082 -0.538586 0.798865 -0.267844
4.094250 6.197246 -0.431654
0.000000 0.000000 0.000000
4.642588 6.915625 -0.791711
0.000000 0.000000 0.000000
1063679760
Locator 36
1063679760
0 1 0 1 1 1 0.600000
1063678320 0 1063654576 1063660064 0
1.000000 1.000000 1.000000
1.000000 1.000000 1.000000
0.000000 0.000000 0.000000
0.000000 0.000000 0.000000
-0.612613 -0.792713 -0.000889 -0.238821 0.183491 0.955502 -0.754491 0.583412 -0.300621
-0.612613 -0.792713 -0.000889 -0.238821 0.183491 0.955502 -0.754491 0.583412 -0.300621
-0.794580 -0.587317 -0.153959 -0.280300 0.129904 0.951082 -0.538585 0.798864 -0.267844
-0.604615 0.100400 -0.790165 -0.765584 0.200527 0.611285 0.219822 0.974530 -0.044377
4.094250 6.197246 -0.431654
0.000000 0.000000 0.000000
4.642588 6.915625 -0.791711
0.000000 0.000000 0.000000
1063680120
1062783400
Locator 37
1063680120
1 0 0 1 1 0 0.600000
1063679760 0 1063654576 1063660064 0
1.000000 1.000000 1.000000
1.000000 1.000000 1.000000
0.000000 0.000000 0.000000
0.000000 0.000000 0.000000
-0.612613 -0.792713 -0.000889 -0.238821 0.183491 0.955502 -0.754491 0.583412 -0.300621
-0.612613 -0.792713 -0.000889 -0.238821 0.183491 0.955502 -0.754491 0.583412 -0.300621
-0.604615 0.100399 -0.790165 -0.765584 0.200527 0.611285 0.219821 0.974529 -0.044376
-0.604615 0.100400 -0.790165 -0.765584 0.200527 0.611285 0.219822 0.974530 -0.044377
2.834600 7.171274 -0.933552
0.000000 0.000000 0.000000
3.314351 7.943172 -0.866307
0.000000 0.000000 0.000000
IK B 47
1063695800
3 0 0 1 1 0 0.600000
1063694720 0 1063654576 0 1062774296
1.000000 1.000000 1.000000
1.000000 1.000000 1.000000
0.000000 0.000000 0.000000
0.000000 0.000000 0.000000
-0.965581 0.009738 0.216064 0.222217 0.229797 0.908086 -0.009640 0.941888 -0.226485
-0.965581 0.009738 0.216064 0.222217 0.229797 0.908086 -0.009640 0.941888 -0.226485
1.000000 -0.000000 0.000000 -0.000000 1.000000 0.000000 0.000000 0.000000 1.000000
-0.978090 0.201985 -0.050418 -0.008662 0.202489 0.979246 0.208003 0.958228 -0.196303
2.834600 7.171274 -0.933552
0.000000 0.000000 0.000000
3.314351 7.943172 -0.866307
0.000000 0.000000 0.000000
IK B 45
1063699040
3 0 0 1 1 0 0.600000
1063683000 0 1063654576 0 1063672064
1.000000 1.000000 1.000000
1.000000 1.000000 1.000000
0.000000 0.000000 0.000000
0.000000 0.000000 0.000000
0.312217 -0.841203 -0.441475 -0.240067 0.379764 -0.893392 0.919180 0.384915 -0.083376
0.312217 -0.841203 -0.441475 -0.240067 0.379764 -0.893392 0.919180 0.384915 -0.083376
1.000000 -0.000000 -0.000000 -0.000000 1.000000 -0.000000 -0.000000 -0.000000 1.000000
0.312216 -0.240066 0.919179 -0.841202 0.379763 0.384914 -0.441475 -0.893391 -0.083376
11.779899 6.988010 -0.053920
0.000000 0.000000 0.000000
9.322296 4.245588 0.000000
0.000000 0.000000 0.000000

