Transformers
42
Object 7
952212312
0 0 0 0 1 0 0.600000
785277120 952297488 0 0 0
1.000000 1.000000 1.000000
1.000000 1.000000 1.000000
0.000000 0.000000 0.000000
0.000000 0.000000 0.000000
1.000000 0.000000 0.000000 0.000000 1.000000 0.000000 0.000000 0.000000 1.000000
1.000000 0.000000 0.000000 0.000000 1.000000 0.000000 0.000000 0.000000 1.000000
1.000000 0.000000 0.000000 0.000000 1.000000 0.000000 0.000000 0.000000 1.000000
1.000000 0.000000 0.000000 0.000000 1.000000 0.000000 0.000000 0.000000 1.000000
0.000000 0.000000 0.000000
0.000000 0.000000 0.000000
0.000000 0.000000 0.000000
0.000000 0.000000 0.000000
Locator 7
952217352
4 1 0 1 1 0 0.600000
785277120 0 952299128 0 0
1.000000 1.000000 1.000000
1.000000 1.000000 1.000000
0.506394 -0.864902 0.000000
0.000000 0.000000 0.000000
0.632296 0.000000 0.774727 -0.332832 0.903013 0.271642 -0.699588 -0.429612 0.570972
0.632296 0.000000 0.774727 -0.332832 0.903013 0.271642 -0.699588 -0.429612 0.570972
1.000000 0.000000 0.000000 0.000000 1.000000 0.000000 0.000000 0.000000 1.000000
1.000000 0.000000 0.000000 0.000000 1.000000 0.000000 0.000000 0.000000 1.000000
2.681816 -2.167676 0.000000
0.000000 0.000000 0.000000
2.681816 -2.167676 0.000000
0.000000 0.000000 0.000000
952215192
Locator 8
952215192
0 1 0 1 1 1 0.600000
952217352 0 952299128 815432072 0
1.000000 1.000000 1.000000
1.000000 1.000000 1.000000
0.000000 0.000000 0.000000
0.000000 0.000000 0.000000
-0.001671 0.966681 0.255980 0.626383 0.200552 -0.753276 -0.779514 0.159083 -0.605847
-0.001671 0.966681 0.255980 0.626383 0.200552 -0.753276 -0.779514 0.159083 -0.605847
1.000000 0.000000 0.000000 0.000000 1.000000 0.000000 0.000000 0.000000 1.000000
0.197258 -0.187523 -0.962250 0.943017 -0.232001 0.238528 -0.267972 -0.954469 0.131073
2.681816 -2.167676 0.000000
0.000000 0.000000 0.000000
2.681816 -2.167676 0.000000
0.000000 0.000000 0.000000
952217712
952392248
Locator 9
952217712
1 1 0 1 1 0 0.600000
952215192 0 952299128 815432072 0
1.000000 1.000000 1.000000
1.000000 1.000000 1.000000
0.000000 0.000000 0.000000
0.000000 0.000000 0.000000
-0.001671 0.966681 0.255980 0.626383 0.200552 -0.753276 -0.779514 0.159083 -0.605847
-0.001671 0.966681 0.255980 0.626383 0.200552 -0.753276 -0.779514 0.159083 -0.605847
0.197258 -0.187523 -0.962251 0.943018 -0.232001 0.238529 -0.267972 -0.954469 0.131073
0.197258 -0.187523 -0.962250 0.943017 -0.232001 0.238528 -0.267972 -0.954469 0.131073
0.536439 -1.729849 -1.667410
0.000000 0.000000 0.000000
0.033515 -1.511201 0.360740
0.000000 0.000000 0.000000
952215552
Locator 10
952215552
0 1 0 1 1 1 0.600000
952217712 0 952299128 815432344 0
1.000000 1.000000 1.000000
1.000000 1.000000 1.000000
0.000000 0.000000 0.000000
0.000000 0.000000 0.000000
-0.074313 0.467484 0.880873 0.462222 0.798848 -0.384959 -0.883646 0.378553 -0.275447
-0.074313 0.467484 0.880873 0.462222 0.798848 -0.384959 -0.883646 0.378553 -0.275447
0.197258 -0.187523 -0.962251 0.943018 -0.232001 0.238529 -0.267972 -0.954469 0.131073
0.635448 -0.005976 -0.772121 0.686160 0.462957 0.561120 0.354105 -0.886361 0.298285
0.536439 -1.729849 -1.667410
0.000000 0.000000 0.000000
0.033515 -1.511201 0.360740
0.000000 0.000000 0.000000
952211592
952391288
Locator 11
952211592
1 2 0 1 1 0 0.600000
952215552 0 952299128 815432344 0
1.000000 1.000000 1.000000
1.000000 1.000000 1.000000
0.000000 0.000000 0.000000
0.000000 0.000000 0.000000
-0.074313 0.467484 0.880873 0.462222 0.798848 -0.384959 -0.883646 0.378553 -0.275447
-0.074313 0.467484 0.880873 0.462222 0.798848 -0.384959 -0.883646 0.378553 -0.275447
0.635448 -0.005976 -0.772122 0.686160 0.462958 0.561120 0.354105 -0.886361 0.298285
0.635448 -0.005976 -0.772121 0.686160 0.462957 0.561120 0.354105 -0.886361 0.298285
-1.328883 -0.930748 -2.248861
0.000000 0.000000 0.000000
-1.596387 -0.326710 0.990402
0.000000 0.000000 0.000000
952215912
952214472
Locator 12
952215912
0 1 0 1 1 1 0.600000
952211592 0 952299128 952001768 0
1.000000 1.000000 1.000000
1.000000 1.000000 1.000000
0.000000 0.000000 0.000000
0.000000 0.000000 0.000000
0.853723 0.508529 -0.112047 0.103953 -0.377283 -0.920246 -0.510246 0.773989 -0.374959
0.853723 0.508529 -0.112047 0.103953 -0.377283 -0.920246 -0.510246 0.773989 -0.374959
0.635448 -0.005976 -0.772122 0.686160 0.462958 0.561120 0.354105 -0.886361 0.298285
0.453000 -0.647209 -0.613116 0.144625 -0.625268 0.766892 -0.879701 -0.436074 -0.189644
-1.328883 -0.930748 -2.248861
0.000000 0.000000 0.000000
-1.596387 -0.326710 0.990402
0.000000 0.000000 0.000000
952218432
952391160
Locator 13
952218432
1 1 0 1 1 0 0.600000
952215912 0 952299128 952001768 0
1.000000 1.000000 1.000000
1.000000 1.000000 1.000000
0.000000 0.000000 0.000000
0.000000 0.000000 0.000000
0.853723 0.508529 -0.112047 0.103953 -0.377283 -0.920246 -0.510246 0.773989 -0.374959
0.853723 0.508529 -0.112047 0.103953 -0.377283 -0.920246 -0.510246 0.773989 -0.374959
0.453000 -0.647209 -0.613116 0.144625 -0.625268 0.766892 -0.879700 -0.436074 -0.189644
0.453000 -0.647209 -0.613116 0.144625 -0.625268 0.766892 -0.879701 -0.436074 -0.189644
-2.542729 0.910528 -3.140868
0.000000 0.000000 0.000000
-3.054959 1.497687 0.539249
0.000000 0.000000 0.000000
952218072
Locator 14
952218072
0 1 0 1 1 1 0.600000
952218432 0 952299128 951999864 0
1.000000 1.000000 1.000000
1.000000 1.000000 1.000000
0.000000 0.000000 0.000000
0.000000 0.000000 0.000000
0.210831 -0.830223 -0.516026 -0.855502 -0.412108 0.313500 -0.472934 0.375366 -0.797143
0.210831 -0.830223 -0.516026 -0.855502 -0.412108 0.313500 -0.472934 0.375366 -0.797143
0.453000 -0.647209 -0.613116 0.144625 -0.625268 0.766892 -0.879700 -0.436074 -0.189644
-0.266471 -0.298054 -0.916601 -0.960047 -0.002240 0.279830 -0.085458 0.954546 -0.285549
-2.542729 0.910528 -3.140868
0.000000 0.000000 0.000000
-3.054959 1.497687 0.539249
0.000000 0.000000 0.000000
952216272
952390712
Locator 15
952216272
1 2 0 1 1 0 0.600000
952218072 0 952299128 951999864 0
1.000000 1.000000 1.000000
1.000000 1.000000 1.000000
0.000000 0.000000 0.000000
0.000000 0.000000 0.000000
0.210831 -0.830223 -0.516026 -0.855502 -0.412108 0.313500 -0.472934 0.375366 -0.797143
0.210831 -0.830223 -0.516026 -0.855502 -0.412108 0.313500 -0.472934 0.375366 -0.797143
-0.266471 -0.298054 -0.916601 -0.960047 -0.002240 0.279830 -0.085458 0.954545 -0.285549
-0.266471 -0.298054 -0.916601 -0.960047 -0.002240 0.279830 -0.085458 0.954546 -0.285549
-3.361098 1.560065 -4.520253
0.000000 0.000000 0.000000
-4.641057 1.981908 0.045131
0.000000 0.000000 0.000000
952212672
952210872
Locator 16
952212672
0 1 0 1 1 1 0.600000
952216272 0 952299128 951999048 0
1.000000 1.000000 1.000000
1.000000 1.000000 1.000000
0.000000 0.000000 0.000000
0.000000 0.000000 0.000000
-0.376200 0.307841 0.873904 0.576697 0.816017 -0.039190 -0.725185 0.489237 -0.484517
-0.376200 0.307841 0.873904 0.576697 0.816017 -0.039190 -0.725185 0.489237 -0.484517
-0.266471 -0.298054 -0.916601 -0.960047 -0.002240 0.279830 -0.085458 0.954545 -0.285549
0.439166 0.334282 -0.833899 0.640585 0.534284 0.551536 0.629908 -0.776399 0.020504
-3.361098 1.560065 -4.520253
0.000000 0.000000 0.000000
-4.641057 1.981908 0.045131
0.000000 0.000000 0.000000
952216992
952391864
Locator 17
952216992
1 1 0 1 1 0 0.600000
952212672 0 952299128 951999048 0
1.000000 1.000000 1.000000
1.000000 1.000000 1.000000
0.000000 0.000000 0.000000
0.000000 0.000000 0.000000
-0.376200 0.307841 0.873904 0.576697 0.816017 -0.039190 -0.725185 0.489237 -0.484517
-0.376200 0.307841 0.873904 0.576697 0.816017 -0.039190 -0.725185 0.489237 -0.484517
0.439165 0.334281 -0.833898 0.640585 0.534283 0.551537 0.629908 -0.776399 0.020505
0.439166 0.334282 -0.833899 0.640585 0.534284 0.551536 0.629908 -0.776399 0.020504
-5.570119 3.050350 -5.996162
0.000000 0.000000 0.000000
-7.181239 3.661968 0.107589
0.000000 0.000000 0.000000
952211232
Locator 18
952211232
0 1 0 1 1 1 0.600000
952216992 0 952299128 952000136 0
1.000000 1.000000 1.000000
1.000000 1.000000 1.000000
0.000000 0.000000 0.000000
0.000000 0.000000 0.000000
0.148296 0.350280 0.924832 0.653209 0.667445 -0.357537 -0.742514 0.657132 -0.129826
0.148296 0.350280 0.924832 0.653209 0.667445 -0.357537 -0.742514 0.657132 -0.129826
0.439165 0.334281 -0.833898 0.640585 0.534283 0.551537 0.629908 -0.776399 0.020505
0.810259 0.136029 -0.570068 0.518173 0.288181 0.805263 0.273822 -0.947865 0.163015
-5.570119 3.050350 -5.996162
0.000000 0.000000 0.000000
-7.181239 3.661968 0.107589
0.000000 0.000000 0.000000
952216632
952390840
Locator 19
952216632
1 0 0 1 1 0 0.600000
952211232 0 952299128 952000136 0
1.000000 1.000000 1.000000
1.000000 1.000000 1.000000
0.000000 0.000000 0.000000
0.000000 0.000000 0.000000
0.148296 0.350280 0.924832 0.653209 0.667445 -0.357537 -0.742514 0.657132 -0.129826
0.148296 0.350280 0.924832 0.653209 0.667445 -0.357537 -0.742514 0.657132 -0.129826
0.810260 0.136029 -0.570068 0.518174 0.288181 0.805263 0.273822 -0.947865 0.163015
0.810259 0.136029 -0.570068 0.518173 0.288181 0.805263 0.273822 -0.947865 0.163015
-7.268684 4.553596 -6.293151
0.000000 0.000000 0.000000
-8.485321 5.504082 0.480500
0.000000 0.000000 0.000000
Locator 20
952210872
0 1 0 1 1 1 0.600000
952216272 0 952299128 951998912 0
1.000000 1.000000 1.000000
1.000000 1.000000 1.000000
0.000000 0.000000 0.000000
0.000000 0.000000 0.000000
0.259045 -0.904593 0.338540 -0.871774 -0.068078 0.485153 -0.415819 -0.420807 -0.806237
0.259045 -0.904593 0.338540 -0.871774 -0.068078 0.485153 -0.415819 -0.420807 -0.806237
-0.266471 -0.298054 -0.916601 -0.960047 -0.002240 0.279830 -0.085458 0.954545 -0.285549
0.426068 -0.175359 -0.887533 -0.811115 0.360467 -0.460604 0.400697 0.916140 0.011348
-3.361098 1.560065 -4.520253
0.000000 0.000000 0.000000
-4.641057 1.981908 0.045131
0.000000 0.000000 0.000000
952211952
952390904
Locator 21
952211952
1 1 0 1 1 0 0.600000
952210872 0 952299128 951998912 0
1.000000 1.000000 1.000000
1.000000 1.000000 1.000000
0.000000 0.000000 0.000000
0.000000 0.000000 0.000000
0.259045 -0.904593 0.338540 -0.871774 -0.068078 0.485153 -0.415819 -0.420807 -0.806237
0.259045 -0.904593 0.338540 -0.871774 -0.068078 0.485153 -0.415819 -0.420807 -0.806237
0.426067 -0.175360 -0.887533 -0.811115 0.360467 -0.460604 0.400696 0.916140 0.011349
0.426068 -0.175359 -0.887533 -0.811115 0.360467 -0.460604 0.400697 0.916140 0.011348
-4.285649 0.624424 -6.312875
0.000000 0.000000 0.000000
-6.614439 0.957780 0.070362
0.000000 0.000000 0.000000
952213032
Locator 22
952213032
0 1 0 1 1 1 0.600000
952211952 0 952299128 951998776 0
1.000000 1.000000 1.000000
1.000000 1.000000 1.000000
0.000000 0.000000 0.000000
0.000000 0.000000 0.000000
0.603602 -0.747253 0.277996 -0.728912 -0.375933 0.572153 -0.323035 -0.547988 -0.771596
0.603602 -0.747253 0.277996 -0.728912 -0.375933 0.572153 -0.323035 -0.547988 -0.771596
0.426067 -0.175360 -0.887533 -0.811115 0.360467 -0.460604 0.400696 0.916140 0.011349
0.597025 -0.017626 -0.802029 -0.800161 0.058554 -0.596921 0.057484 0.998129 0.020854
-4.285649 0.624424 -6.312875
0.000000 0.000000 0.000000
-6.614439 0.957780 0.070362
0.000000 0.000000 0.000000
952213392
952390968
Locator 23
952213392
1 1 0 1 1 0 0.600000
952213032 0 952299128 951998776 0
1.000000 1.000000 1.000000
1.000000 1.000000 1.000000
0.000000 0.000000 0.000000
0.000000 0.000000 0.000000
0.603602 -0.747253 0.277996 -0.728912 -0.375933 0.572153 -0.323035 -0.547988 -0.771596
0.603602 -0.747253 0.277996 -0.728912 -0.375933 0.572153 -0.323035 -0.547988 -0.771596
0.597025 -0.017625 -0.802029 -0.800162 0.058554 -0.596921 0.057485 0.998130 0.020853
0.597025 -0.017626 -0.802029 -0.800161 0.058554 -0.596921 0.057484 0.998129 0.020854
-4.966579 -0.530686 -7.939332
0.000000 0.000000 0.000000
-8.305048 -0.300479 0.114321
0.000000 0.000000 0.000000
952213752
Locator 24
952213752
0 1 0 1 1 1 0.600000
952213392 0 952299128 951998640 0
1.000000 1.000000 1.000000
1.000000 1.000000 1.000000
0.000000 0.000000 0.000000
0.000000 0.000000 0.000000
-0.163511 0.920835 0.354023 0.749862 0.349193 -0.561934 -0.641070 0.173588 -0.747596
-0.163511 0.920835 0.354023 0.749862 0.349193 -0.561934 -0.641070 0.173588 -0.747596
0.597025 -0.017625 -0.802029 -0.800162 0.058554 -0.596921 0.057485 0.998130 0.020853
0.170884 0.038791 -0.984527 0.982113 -0.086898 0.167041 -0.079074 -0.995462 -0.052946
-4.966579 -0.530686 -7.939332
0.000000 0.000000 0.000000
-8.305048 -0.300479 0.114321
0.000000 0.000000 0.000000
952214112
952391544
Locator 25
952214112
1 0 0 1 1 0 0.600000
952213752 0 952299128 951998640 0
1.000000 1.000000 1.000000
1.000000 1.000000 1.000000
0.000000 0.000000 0.000000
0.000000 0.000000 0.000000
-0.163511 0.920835 0.354023 0.749862 0.349193 -0.561934 -0.641070 0.173588 -0.747596
-0.163511 0.920835 0.354023 0.749862 0.349193 -0.561934 -0.641070 0.173588 -0.747596
0.170884 0.038792 -0.984526 0.982113 -0.086898 0.167041 -0.079074 -0.995463 -0.052945
0.170884 0.038791 -0.984527 0.982113 -0.086898 0.167041 -0.079074 -0.995462 -0.052946
-6.350770 -0.155879 -9.553533
0.000000 0.000000 0.000000
-10.430831 0.060194 0.000000
0.000000 0.000000 0.000000
IK A 44
952214472
2 2 0 1 1 0 0.600000
952211592 0 952299128 0 1009814512
1.000000 1.000000 1.000000
1.000000 1.000000 1.000000
0.000000 0.000000 0.000000
0.000000 0.000000 0.000000
0.786244 -0.569955 -0.238693 0.346816 0.726744 -0.592928 0.511411 0.383402 0.769067
0.786244 -0.569955 -0.238693 0.346816 0.726744 -0.592928 0.511411 0.383402 0.769067
-0.535131 0.000000 -0.844769 -0.208326 0.969116 0.131967 0.818679 0.246607 -0.518604
0.312216 -0.240066 0.919179 -0.841202 0.379763 0.384914 -0.441475 -0.893391 -0.083376
-1.328883 -0.930748 -2.248861
0.000000 0.000000 0.000000
-1.596387 -0.326710 0.990402
0.000000 0.000000 0.000000
952214832
952017232
Locator 26
952214832
0 1 0 1 1 1 0.600000
952214472 0 952299128 952002176 0
1.000000 1.000000 1.000000
1.000000 1.000000 1.000000
0.000000 0.000000 0.000000
0.000000 0.000000 0.000000
-0.420951 0.719522 -0.553198 -0.822838 -0.045230 0.567302 0.382807 0.693347 0.610515
-0.420951 0.719522 -0.553198 -0.822838 -0.045230 0.567302 0.382807 0.693347 0.610515
0.312216 -0.240066 0.919179 -0.841202 0.379763 0.384914 -0.441475 -0.893391 -0.083376
-0.742966 -0.080263 0.664499 0.589981 0.390336 0.706796 -0.316108 0.917167 -0.242653
-1.328883 -0.930748 -2.248861
0.000000 0.000000 0.000000
-1.596387 -0.326710 0.990402
0.000000 0.000000 0.000000
952015432
952390776
Locator 27
952015432
1 1 0 1 1 0 0.600000
952214832 0 952299128 952002176 0
1.000000 1.000000 1.000000
1.000000 1.000000 1.000000
0.000000 0.000000 0.000000
0.000000 0.000000 0.000000
-0.420951 0.719522 -0.553198 -0.822838 -0.045230 0.567302 0.382807 0.693347 0.610515
-0.420951 0.719522 -0.553198 -0.822838 -0.045230 0.567302 0.382807 0.693347 0.610515
-0.742966 -0.080263 0.664499 0.589981 0.390336 0.706796 -0.316108 0.917167 -0.242653
-0.742966 -0.080263 0.664499 0.589981 0.390336 0.706796 -0.316108 0.917167 -0.242653
-0.199388 1.115014 -0.447500
0.000000 0.000000 0.000000
0.367258 1.761925 0.273345
0.000000 0.000000 0.000000
952018672
Locator 28
952018672
0 1 0 1 1 1 0.600000
952015432 0 952299128 951999184 0
1.000000 1.000000 1.000000
1.000000 1.000000 1.000000
0.000000 0.000000 0.000000
0.000000 0.000000 0.000000
-0.566378 0.719618 -0.402872 -0.750544 -0.247194 0.613611 0.341660 0.649299 0.679469
-0.566378 0.719618 -0.402872 -0.750544 -0.247194 0.613611 0.341660 0.649299 0.679469
-0.742966 -0.080263 0.664499 0.589981 0.390336 0.706796 -0.316108 0.917167 -0.242653
-0.716334 0.005734 0.697734 0.684662 0.198598 0.701282 -0.134548 0.980064 -0.146189
-0.199388 1.115014 -0.447500
0.000000 0.000000 0.000000
0.367258 1.761925 0.273345
0.000000 0.000000 0.000000
952017592
952391928
Locator 29
952017592
1 1 0 1 1 0 0.600000
952018672 0 952299128 951999184 0
1.000000 1.000000 1.000000
1.000000 1.000000 1.000000
0.000000 0.000000 0.000000
0.000000 0.000000 0.000000
-0.566378 0.719618 -0.402872 -0.750544 -0.247194 0.613611 0.341660 0.649299 0.679469
-0.566378 0.719618 -0.402872 -0.750544 -0.247194 0.613611 0.341660 0.649299 0.679469
-0.716334 0.005734 0.697734 0.684662 0.198597 0.701282 -0.134548 0.980064 -0.146189
-0.716334 0.005734 0.697734 0.684662 0.198598 0.701282 -0.134548 0.980064 -0.146189
0.610100 2.653383 1.162350
0.000000 0.000000 0.000000
2.023031 3.426118 -0.073571
0.000000 0.000000 0.000000
952014712
Locator 30
952014712
0 1 0 1 1 1 0.600000
952017592 0 952299128 952002040 0
1.000000 1.000000 1.000000
1.000000 1.000000 1.000000
0.000000 0.000000 0.000000
0.000000 0.000000 0.000000
-0.793262 0.603952 0.083176 -0.442284 -0.664050 0.603624 0.419402 0.441635 0.793133
-0.793262 0.603952 0.083176 -0.442284 -0.664050 0.603624 0.419402 0.441635 0.793133
-0.716334 0.005734 0.697734 0.684662 0.198597 0.701282 -0.134548 0.980064 -0.146189
-0.464036 0.202099 0.862454 0.816753 -0.279283 0.504891 0.342907 0.938700 -0.035468
0.610100 2.653383 1.162350
0.000000 0.000000 0.000000
2.023031 3.426118 -0.073571
0.000000 0.000000 0.000000
952015072
952391032
Locator 31
952015072
1 2 0 1 1 0 0.600000
952014712 0 952299128 952002040 0
1.000000 1.000000 1.000000
1.000000 1.000000 1.000000
0.000000 0.000000 0.000000
0.000000 0.000000 0.000000
-0.793262 0.603952 0.083176 -0.442284 -0.664050 0.603624 0.419402 0.441635 0.793133
-0.793262 0.603952 0.083176 -0.442284 -0.664050 0.603624 0.419402 0.441635 0.793133
-0.464037 0.202099 0.862454 0.816753 -0.279284 0.504891 0.342906 0.938699 -0.035469
-0.464036 0.202099 0.862454 0.816753 -0.279283 0.504891 0.342907 0.938700 -0.035468
1.328143 3.409491 2.520245
0.000000 0.000000 0.000000
3.502333 4.292120 -0.134406
0.000000 0.000000 0.000000
952021552
952019752
Locator 38
952021552
0 1 0 1 1 1 0.600000
952015072 0 952299128 951998232 0
1.000000 1.000000 1.000000
1.000000 1.000000 1.000000
0.000000 0.000000 0.000000
0.000000 0.000000 0.000000
-0.242406 -0.941326 -0.236820 0.848635 -0.087043 -0.522668 0.470945 -0.327364 0.819172
-0.242406 -0.941326 -0.236820 0.848635 -0.087043 -0.522668 0.470945 -0.327364 0.819172
-0.464037 0.202099 0.862454 0.816753 -0.279284 0.504891 0.342906 0.938699 -0.035469
-0.391292 0.134030 0.910454 -0.817575 -0.504783 -0.277064 0.422447 -0.852778 0.307097
1.328143 3.409491 2.520245
0.000000 0.000000 0.000000
3.502333 4.292120 -0.134406
0.000000 0.000000 0.000000
952019032
952391096
Locator 39
952019032
1 1 0 1 1 0 0.600000
952021552 0 952299128 951998232 0
1.000000 1.000000 1.000000
1.000000 1.000000 1.000000
0.000000 0.000000 0.000000
0.000000 0.000000 0.000000
-0.242406 -0.941326 -0.236820 0.848635 -0.087043 -0.522668 0.470945 -0.327364 0.819172
-0.242406 -0.941326 -0.236820 0.848635 -0.087043 -0.522668 0.470945 -0.327364 0.819172
-0.391291 0.134029 0.910454 -0.817575 -0.504783 -0.277064 0.422447 -0.852778 0.307097
-0.391292 0.134030 0.910454 -0.817575 -0.504783 -0.277064 0.422447 -0.852778 0.307097
2.275179 2.751186 4.167540
0.000000 0.000000 0.000000
5.334830 3.734465 0.483696
0.000000 0.000000 0.000000
952021192
Locator 40
952021192
0 1 0 1 1 1 0.600000
952019032 0 952299128 951999728 0
1.000000 1.000000 1.000000
1.000000 1.000000 1.000000
0.000000 0.000000 0.000000
0.000000 0.000000 0.000000
0.048255 -0.995547 -0.086588 0.810384 0.089708 -0.579802 0.584440 -0.042151 0.810341
0.048255 -0.995547 -0.086588 0.810384 0.089708 -0.579802 0.584440 -0.042151 0.810341
-0.391291 0.134029 0.910454 -0.817575 -0.504783 -0.277064 0.422447 -0.852778 0.307097
-0.064822 0.061735 0.995985 -0.935965 -0.349900 -0.039227 0.346074 -0.934751 0.080463
2.275179 2.751186 4.167540
0.000000 0.000000 0.000000
5.334830 3.734465 0.483696
0.000000 0.000000 0.000000
952016152
952391416
Locator 41
952016152
1 1 0 1 1 0 0.600000
952021192 0 952299128 951999728 0
1.000000 1.000000 1.000000
1.000000 1.000000 1.000000
0.000000 0.000000 0.000000
0.000000 0.000000 0.000000
0.048255 -0.995547 -0.086588 0.810384 0.089708 -0.579802 0.584440 -0.042151 0.810341
0.048255 -0.995547 -0.086588 0.810384 0.089708 -0.579802 0.584440 -0.042151 0.810341
-0.064821 0.061736 0.995984 -0.935965 -0.349900 -0.039228 0.346074 -0.934751 0.080463
-0.064822 0.061735 0.995985 -0.935965 -0.349900 -0.039227 0.346074 -0.934751 0.080463
3.180808 2.685870 5.423217
0.000000 0.000000 0.000000
6.880498 3.673588 0.608567
0.000000 0.000000 0.000000
952016512
Locator 42
952016512
0 1 0 1 1 1 0.600000
952016152 0 952299128 952000408 0
1.000000 1.000000 1.000000
1.000000 1.000000 1.000000
0.000000 0.000000 0.000000
0.000000 0.000000 0.000000
0.731590 -0.388910 -0.560771 0.100700 0.874631 -0.475206 0.674647 0.290923 0.678392
0.731590 -0.388910 -0.560771 0.100700 0.874631 -0.475206 0.674647 0.290923 0.678392
-0.064821 0.061736 0.995984 -0.935965 -0.349900 -0.039228 0.346074 -0.934751 0.080463
0.013666 -0.323342 0.946184 -0.755374 0.616671 0.221647 -0.655152 -0.717751 -0.235816
3.180808 2.685870 5.423217
0.000000 0.000000 0.000000
6.880498 3.673588 0.608567
0.000000 0.000000 0.000000
952019392
952392312
Locator 43
952019392
1 0 0 1 1 0 0.600000
952016512 0 952299128 952000408 0
1.000000 1.000000 1.000000
1.000000 1.000000 1.000000
0.000000 0.000000 0.000000
0.000000 0.000000 0.000000
0.731590 -0.388910 -0.560771 0.100700 0.874631 -0.475206 0.674647 0.290923 0.678392
0.731590 -0.388910 -0.560771 0.100700 0.874631 -0.475206 0.674647 0.290923 0.678392
0.013667 -0.323341 0.946183 -0.755374 0.616671 0.221647 -0.655152 -0.717751 -0.235817
0.013666 -0.323342 0.946184 -0.755374 0.616671 0.221647 -0.655152 -0.717751 -0.235816
4.918746 3.435306 7.170800
0.000000 0.000000 0.000000
9.322296 4.245588 0.000000
0.000000 0.000000 0.000000
IK A 46
952019752
2 2 0 1 1 0 0.600000
952015072 0 952299128 0 1009814792
1.000000 1.000000 1.000000
1.000000 1.000000 1.000000
0.000000 0.000000 0.000000
0.000000 0.000000 0.000000
-0.770981 -0.064253 -0.633808 -0.605876 -0.235315 0.760541 -0.198189 0.970186 0.142154
-0.770981 -0.064253 -0.633808 -0.605876 -0.235315 0.760541 -0.198189 0.970186 0.142154
0.518119 -0.000000 -0.855308 0.400238 0.883757 0.242452 0.755885 -0.467946 0.457892
-0.978090 0.201985 -0.050418 -0.008662 0.202489 0.979246 0.208003 0.958228 -0.196303
1.328143 3.409491 2.520245
0.000000 0.000000 0.000000
3.502333 4.292120 -0.134406
0.000000 0.000000 0.000000
952014352
952021912
Locator 32
952014352
0 1 1 1 1 1 0.600000
952019752 0 952299128 952001224 0
1.000000 1.000000 1.000000
1.000000 1.000000 1.000000
0.000000 0.000000 0.000000
0.000000 0.000000 0.000000
0.282206 -0.740456 -0.583048 -0.790802 0.145047 -0.566968 0.521134 0.641701 -0.562707
0.282206 -0.740456 -0.583048 -0.790802 0.145047 -0.566968 0.521134 0.641701 -0.562707
-0.978090 0.201985 -0.050419 -0.008662 0.202488 0.979246 0.208003 0.958226 -0.196303
0.792053 -0.036858 0.609339 -0.603430 -0.198243 0.772381 0.092329 -0.979460 -0.179260
1.328143 3.409491 2.520245
0.000000 0.000000 0.000000
3.502333 4.292120 -0.134406
0.000000 0.000000 0.000000
952020112
952391992
Locator 33
952020112
1 1 0 1 1 0 0.600000
952014352 0 952299128 952001224 0
1.000000 1.000000 1.000000
1.000000 1.000000 1.000000
0.000000 0.000000 0.000000
0.000000 0.000000 0.000000
0.282206 -0.740456 -0.583048 -0.790802 0.145047 -0.566968 0.521134 0.641701 -0.562707
0.282206 -0.740456 -0.583048 -0.790802 0.145047 -0.566968 0.521134 0.641701 -0.562707
0.792052 -0.036858 0.609339 -0.603430 -0.198243 0.772381 0.092329 -0.979459 -0.179260
0.792053 -0.036858 0.609339 -0.603430 -0.198243 0.772381 0.092329 -0.979460 -0.179260
2.510648 4.865575 1.243408
0.000000 0.000000 0.000000
4.800833 5.938061 -0.516409
0.000000 0.000000 0.000000
952015792
Locator 34
952015792
0 1 0 1 1 1 0.600000
952020112 0 952299128 951997960 0
1.000000 1.000000 1.000000
1.000000 1.000000 1.000000
0.000000 0.000000 0.000000
0.000000 0.000000 0.000000
-0.710302 0.671982 0.108492 0.447749 0.343153 0.805994 0.521134 0.641701 -0.562707
-0.710302 0.671982 0.108492 0.447749 0.343153 0.805994 0.521134 0.641701 -0.562707
0.792052 -0.036858 0.609339 -0.603430 -0.198243 0.772381 0.092329 -0.979459 -0.179260
-0.794580 -0.587316 -0.153958 -0.280301 0.129904 0.951082 -0.538586 0.798865 -0.267844
2.510648 4.865575 1.243408
0.000000 0.000000 0.000000
4.800833 5.938061 -0.516409
0.000000 0.000000 0.000000
952020472
952391672
Locator 35
952020472
1 1 0 1 1 0 0.600000
952015792 0 952299128 951997960 0
1.000000 1.000000 1.000000
1.000000 1.000000 1.000000
0.000000 0.000000 0.000000
0.000000 0.000000 0.000000
-0.710302 0.671982 0.108492 0.447749 0.343153 0.805994 0.521134 0.641701 -0.562707
-0.710302 0.671982 0.108492 0.447749 0.343153 0.805994 0.521134 0.641701 -0.562707
-0.794580 -0.587317 -0.153959 -0.280300 0.129904 0.951082 -0.538585 0.798864 -0.267844
-0.794580 -0.587316 -0.153958 -0.280301 0.129904 0.951082 -0.538586 0.798865 -0.267844
3.081005 5.567887 0.627551
0.000000 0.000000 0.000000
4.642588 6.915625 -0.791711
0.000000 0.000000 0.000000
952016872
Locator 36
952016872
0 1 0 1 1 1 0.600000
952020472 0 952299128 952000952 0
1.000000 1.000000 1.000000
1.000000 1.000000 1.000000
0.000000 0.000000 0.000000
0.000000 0.000000 0.000000
-0.231225 0.729705 0.618001 0.807182 -0.191949 0.528651 0.521134 0.641701 -0.562707
-0.231225 0.729705 0.618001 0.807182 -0.191949 0.528651 0.521134 0.641701 -0.562707
-0.794580 -0.587317 -0.153959 -0.280300 0.129904 0.951082 -0.538585 0.798864 -0.267844
-0.604615 0.100400 -0.790165 -0.765584 0.200527 0.611285 0.219822 0.974530 -0.044377
3.081005 5.567887 0.627551
0.000000 0.000000 0.000000
4.642588 6.915625 -0.791711
0.000000 0.000000 0.000000
952017952
952392440
Locator 37
952017952
1 0 0 1 1 0 0.600000
952016872 0 952299128 952000952 0
1.000000 1.000000 1.000000
1.000000 1.000000 1.000000
0.000000 0.000000 0.000000
0.000000 0.000000 0.000000
-0.231225 0.729705 0.618001 0.807182 -0.191949 0.528651 0.521134 0.641701 -0.562707
-0.231225 0.729705 0.618001 0.807182 -0.191949 0.528651 0.521134 0.641701 -0.562707
-0.604615 0.100399 -0.790165 -0.765584 0.200527 0.611285 0.219821 0.974529 -0.044376
-0.604615 0.100400 -0.790165 -0.765584 0.200527 0.611285 0.219822 0.974530 -0.044377
4.013782 6.716467 -0.379637
0.000000 0.000000 0.000000
3.314351 7.943172 -0.866307
0.000000 0.000000 0.000000
IK B 47
952021912
3 0 0 1 1 0 0.600000
952019752 0 952299128 0 1009814792
1.000000 1.000000 1.000000
1.000000 1.000000 1.000000
0.000000 0.000000 0.000000
0.000000 0.000000 0.000000
-0.978090 -0.008662 0.208003 0.201985 0.202489 0.958228 -0.050418 0.979246 -0.196303
-0.978090 -0.008662 0.208003 0.201985 0.202489 0.958228 -0.050418 0.979246 -0.196303
0.622811 0.752834 0.215011 -0.776070 0.558745 0.292637 0.100370 -0.349181 0.932138
-0.978090 0.201985 -0.050418 -0.008662 0.202489 0.979246 0.208003 0.958228 -0.196303
4.013781 6.716467 -0.379637
0.000000 0.000000 0.000000
3.314351 7.943172 -0.866307
0.000000 0.000000 0.000000
IK B 45
952017232
3 0 0 1 1 0 0.600000
952214472 0 952299128 0 1009814512
1.000000 1.000000 1.000000
1.000000 1.000000 1.000000
0.000000 0.000000 0.000000
0.000000 0.000000 0.000000
0.786244 -0.569955 -0.238693 0.346815 0.726744 -0.592928 0.511411 0.383402 0.769067
0.786244 -0.569955 -0.238693 0.346815 0.726744 -0.592928 0.511411 0.383402 0.769067
1.000000 -0.000000 -0.000000 -0.000000 1.000000 -0.000000 -0.000000 -0.000000 1.000000
0.312216 -0.240066 0.919179 -0.841202 0.379763 0.384914 -0.441475 -0.893391 -0.083376
4.918745 3.435306 7.170800
0.000000 0.000000 0.000000
9.322296 4.245588 0.000000
0.000000 0.000000 0.000000

