Poses
1
Default 0
855009128
957016472
13
1
1.000000 1.000000 1.000000
1.000000 1.000000 1.000000
0.000000 0.000000 0.000000
1.000000 0.000000 0.000000 0.000000 1.000000 0.000000 0.000000 0.000000 1.000000
1.000000 0.000000 0.000000 0.000000 1.000000 0.000000 0.000000 0.000000 1.000000
1.000000 0.000000 0.000000 0.000000 1.000000 0.000000 0.000000 0.000000 1.000000
-0.095775 -2.638164 0.628372
0.000000 0.000000 0.000000
4
1
1.000000 1.000000 1.000000
1.000000 1.000000 1.000000
0.000000 0.000000 0.000000
-0.877919 -0.443870 0.179548 0.083101 0.228046 0.970098 -0.471542 0.866588 -0.163320
-0.083101 -0.994453 -0.064479 -0.228046 -0.044009 0.972655 -0.970098 0.095533 -0.223124
-0.877919 0.083101 -0.471542 -0.443870 0.228046 0.866588 0.179548 0.970098 -0.163320
-0.095775 -2.638164 0.628372
0.000000 0.000000 0.000000
0
1
1.000000 1.000000 1.000000
1.000000 1.000000 1.000000
0.000000 0.000000 0.000000
-0.877919 -0.443870 0.179548 0.083101 0.228046 0.970098 -0.471542 0.866588 -0.163320
-0.877919 0.083101 -0.471542 -0.443870 0.228046 0.866588 0.179548 0.970098 -0.163320
-0.877919 0.083101 -0.471542 -0.443870 0.228046 0.866588 0.179548 0.970098 -0.163320
-0.667193 -1.588027 0.430460
0.000000 0.000000 0.000000
1
1
1.000000 1.000000 1.000000
1.000000 1.000000 1.000000
0.000000 0.000000 0.000000
-0.938221 -0.310227 0.153297 0.083101 0.228046 0.970098 -0.335909 0.922905 -0.188177
-0.877919 0.083101 -0.471542 -0.443870 0.228046 0.866588 0.179548 0.970098 -0.163320
-0.938221 0.083101 -0.335909 -0.310227 0.228046 0.922905 0.153297 0.970098 -0.188177
-0.667193 -1.588027 0.430460
0.000000 0.000000 0.000000
0
1
1.000000 1.000000 1.000000
1.000000 1.000000 1.000000
0.000000 0.000000 0.000000
-0.938221 -0.310227 0.153297 0.083101 0.228046 0.970098 -0.335909 0.922905 -0.188177
-0.938221 0.083101 -0.335909 -0.310227 0.228046 0.922905 0.153297 0.970098 -0.188177
-0.938221 0.083101 -0.335909 -0.310227 0.228046 0.922905 0.153297 0.970098 -0.188177
-1.036982 -0.572036 0.223302
0.000000 0.000000 0.000000
1
1
1.000000 1.000000 1.000000
1.000000 1.000000 1.000000
0.000000 0.000000 0.000000
-0.993311 -0.059354 0.099044 0.083102 0.228046 0.970097 -0.080166 0.971839 -0.221588
-0.938221 0.083101 -0.335909 -0.310227 0.228046 0.922905 0.153297 0.970098 -0.188177
-0.993311 0.083102 -0.080166 -0.059354 0.228046 0.971839 0.099044 0.970097 -0.221588
-1.036982 -0.572036 0.223302
0.000000 0.000000 0.000000
0
1
1.000000 1.000000 1.000000
1.000000 1.000000 1.000000
0.000000 0.000000 0.000000
-0.993311 -0.059354 0.099044 0.083102 0.228046 0.970097 -0.080166 0.971839 -0.221588
-0.993311 0.083102 -0.080166 -0.059354 0.228046 0.971839 0.099044 0.970097 -0.221588
-0.993311 0.083102 -0.080166 -0.059354 0.228046 0.971839 0.099044 0.970097 -0.221588
-1.129242 0.546413 -0.031714
0.000000 0.000000 0.000000
1
1
1.000000 1.000000 1.000000
1.000000 1.000000 1.000000
0.000000 0.000000 0.000000
0.972237 -0.232235 -0.028692 -0.083101 -0.228046 -0.970097 0.218747 0.945549 -0.241014
-0.993311 0.083102 -0.080166 -0.059354 0.228046 0.971839 0.099044 0.970097 -0.221588
0.972237 -0.083101 0.218747 -0.232235 -0.228046 0.945549 -0.028692 -0.970097 -0.241014
-1.129242 0.546413 -0.031714
0.000000 0.000000 0.000000
0
1
1.000000 1.000000 1.000000
1.000000 1.000000 1.000000
0.000000 0.000000 0.000000
0.972237 -0.232235 -0.028692 -0.083101 -0.228046 -0.970097 0.218747 0.945549 -0.241014
0.972237 -0.083101 0.218747 -0.232235 -0.228046 0.945549 -0.028692 -0.970097 -0.241014
0.972237 -0.083101 0.218747 -0.232235 -0.228046 0.945549 -0.028692 -0.970097 -0.241014
-0.903877 1.520565 -0.280018
0.000000 0.000000 0.000000
1
1
1.000000 1.000000 1.000000
1.000000 1.000000 1.000000
0.000000 0.000000 0.000000
0.893477 -0.448184 0.028819 -0.083101 -0.228046 -0.970098 0.441354 0.864365 -0.240998
0.972237 -0.083101 0.218747 -0.232235 -0.228046 0.945549 -0.028692 -0.970097 -0.241014
0.893477 -0.083101 0.441354 -0.448184 -0.228046 0.864365 0.028819 -0.970098 -0.240998
-0.903877 1.520565 -0.280018
0.000000 0.000000 0.000000
0
1
1.000000 1.000000 1.000000
1.000000 1.000000 1.000000
0.000000 0.000000 0.000000
0.893477 -0.448184 0.028819 -0.083101 -0.228046 -0.970098 0.441354 0.864365 -0.240998
0.893477 -0.083101 0.441354 -0.448184 -0.228046 0.864365 0.028819 -0.970098 -0.240998
0.893477 -0.083101 0.441354 -0.448184 -0.228046 0.864365 0.028819 -0.970098 -0.240998
-0.432644 2.443446 -0.537332
0.000000 0.000000 0.000000
1
1
1.000000 1.000000 1.000000
1.000000 1.000000 1.000000
0.000000 0.000000 0.000000
-0.083101 -0.228046 -0.970098 -0.994453 -0.044009 0.095533 -0.064479 0.972655 -0.223124
-0.083101 -0.228046 -0.970098 -0.994453 -0.044009 0.095533 -0.064479 0.972655 -0.223124
-0.083101 -0.994453 -0.064479 -0.228046 -0.044009 0.972655 -0.970098 0.095533 -0.223124
-0.095775 -2.638164 0.628372
0.000000 0.000000 0.000000
2
1
1.000000 1.000000 1.000000
1.000000 1.000000 1.000000
0.000000 0.000000 0.000000
-0.083101 -0.228046 -0.970098 -0.994453 -0.044009 0.095533 -0.064479 0.972655 -0.223124
1.000000 0.000000 -0.000000 0.000000 1.000000 -0.000000 -0.000000 -0.000000 1.000000
-0.083101 -0.994453 -0.064479 -0.228046 -0.044009 0.972655 -0.970098 0.095533 -0.223124
-0.432644 2.443446 -0.537332
0.000000 0.000000 0.000000
3

