Bones
6
Bone 0
819301280
0
-0.555665 -0.707030 0.437430 0.614397 0.005267 0.788979 -0.560136 0.707164 0.431471
-0.432498 0.555903 -0.709871 -0.789264 -0.614054 -0.000000 -0.435899 0.560275 0.704332
974448320 974448728 1094635192
1 1.440266
973517600
Bone 1
819298560
819301280
-0.918382 -0.395676 -0.003841 -0.007034 0.006619 0.999953 -0.395632 0.918366 -0.008862
0.788388 -0.569366 0.232954 0.436638 0.784656 0.440072 -0.433350 -0.245231 0.867219
974449136 974449544 1094635192
3 1.206921
973517600
Bone 2
974444792
819298560
-0.239026 -0.422650 -0.874204 -0.964798 0.001672 0.262988 -0.109690 0.906291 -0.408172
0.390108 -0.875280 -0.285834 0.884381 0.269773 0.380910 -0.256293 -0.401382 0.879322
974449952 1094649800 1094635192
3 1.498515
973517600
Bone 3
974445880
974444792
0.110558 -0.455885 -0.883145 -0.992311 -0.000890 -0.123764 0.055636 0.890038 -0.452478
0.938303 -0.339685 -0.064817 0.345760 0.924830 0.158557 0.006085 -0.171186 0.985220
1094652288 1094652696 1094635192
3 1.628650
973517600
Bone 4
974444656
974445880
0.856984 -0.482316 0.181518 0.203725 -0.006467 -0.979007 0.473365 0.875973 0.092718
0.154320 -0.872431 -0.463734 0.890077 -0.080987 0.448558 -0.428892 -0.481980 0.764033
1094650656 1094651472 1094635192
3 1.119386
973517600
Bone 5
974446560
974444656
0.379384 -0.882339 0.278471 0.583618 -0.005334 -0.812011 0.717954 0.470584 0.512925
0.801240 -0.189630 -0.567499 0.355329 0.913896 0.196304 0.481410 -0.358936 0.799631
1094653104 1094653512 1094635192
2 1.152809
973517600

