Transformers
18
Object 7
973518128
0 0 0 0 1 0 0.300000 0
788035840 973519368 0 0 0 0
1.000000 1.000000 1.000000
1.000000 1.000000 1.000000
0.000000 0.000000 0.000000
0.000000 0.000000 0.000000
1.000000 0.000000 0.000000 0.000000 1.000000 0.000000 0.000000 0.000000 1.000000
1.000000 0.000000 0.000000 0.000000 1.000000 0.000000 0.000000 0.000000 1.000000
1.000000 0.000000 0.000000 0.000000 1.000000 0.000000 0.000000 0.000000 1.000000
1.000000 0.000000 0.000000 0.000000 1.000000 0.000000 0.000000 0.000000 1.000000
0.000000 0.000000 0.000000
0.000000 0.000000 0.000000
0.000000 0.000000 0.000000
0.000000 0.000000 0.000000
Object 8
973518536
0 0 0 0 1 0 0.300000 0
788035840 974121680 0 0 0 0
1.000000 1.000000 1.000000
1.000000 1.000000 1.000000
0.000000 0.000000 0.000000
0.000000 0.000000 0.000000
1.000000 0.000000 0.000000 0.000000 1.000000 0.000000 0.000000 0.000000 1.000000
1.000000 0.000000 0.000000 0.000000 1.000000 0.000000 0.000000 0.000000 1.000000
1.000000 0.000000 0.000000 0.000000 1.000000 0.000000 0.000000 0.000000 1.000000
1.000000 0.000000 0.000000 0.000000 1.000000 0.000000 0.000000 0.000000 1.000000
0.000000 0.000000 0.000000
0.000000 0.000000 0.000000
0.000000 0.000000 0.000000
0.000000 0.000000 0.000000
Locator 9
973518944
0 1 0 1 1 0 0.300000 0
788035840 0 0 0 0 0
1.000000 1.000000 1.000000
1.000000 1.000000 1.000000
0.000000 0.000000 0.000000
0.000000 0.000000 0.000000
1.000000 0.000000 0.000000 0.000000 1.000000 0.000000 0.000000 0.000000 1.000000
1.000000 0.000000 0.000000 0.000000 1.000000 0.000000 0.000000 0.000000 1.000000
1.000000 0.000000 0.000000 0.000000 1.000000 0.000000 0.000000 0.000000 1.000000
1.000000 0.000000 0.000000 0.000000 1.000000 0.000000 0.000000 0.000000 1.000000
-0.187457 -3.442384 0.000000
0.000000 0.000000 0.000000
-0.187457 -3.442384 0.000000
0.000000 0.000000 0.000000
974447912
IK A 22
974447912
4 2 0 1 1 0 0.300000 0
973518944 0 1094635192 0 973517600 858968832
1.000000 1.000000 1.000000
1.000000 1.000000 1.000000
0.000000 0.000000 0.000000
0.000000 0.000000 0.000000
-0.000689 -0.006878 -0.999976 -0.782381 0.622788 -0.003745 0.622799 0.782360 -0.005810
-0.000689 -0.006878 -0.999976 -0.782381 0.622788 -0.003745 0.622799 0.782360 -0.005810
-0.000689 -0.006878 -0.999976 -0.782381 0.622788 -0.003745 0.622799 0.782360 -0.005810
-0.000435 -1.000000 -0.000071 -0.006620 -0.000068 0.999978 -0.999978 0.000435 -0.006620
-0.187457 -3.442384 0.000000
0.000000 0.000000 0.000000
-0.187457 -3.442384 0.000000
0.000000 0.000000 0.000000
974448320
1094650248
Locator 10
974448320
0 1 1 1 1 2 0.300000 0
974447912 0 1094635192 819301280 0 0
1.000000 1.000000 1.000000
1.000000 1.000000 1.000000
0.000000 0.000000 0.000000
0.000000 0.000000 0.000000
-0.824574 0.088093 0.558854 0.492854 -0.373188 0.786019 0.277586 0.923725 0.263964
-0.824574 0.088093 0.558854 0.492854 -0.373188 0.786019 0.277586 0.923725 0.263964
-0.000435 -1.000000 -0.000071 -0.006620 -0.000068 0.999978 -0.999978 0.000435 -0.006620
-0.555665 0.614397 -0.560136 -0.707030 0.005267 0.707164 0.437430 0.788979 0.431471
-0.187457 -3.442384 0.000000
0.000000 0.000000 0.000000
-0.187457 -3.442384 0.000000
0.000000 0.000000 0.000000
974448728
859056760
859057848
Locator 11
974448728
1 1 0 1 1 0 0.300000 0
974448320 0 1094635192 819301280 0 0
1.000000 1.000000 1.000000
1.000000 1.000000 1.000000
0.000000 0.000000 0.000000
0.000000 0.000000 0.000000
-0.824574 0.088093 0.558854 0.492854 -0.373188 0.786019 0.277586 0.923725 0.263964
-0.824574 0.088093 0.558854 0.492854 -0.373188 0.786019 0.277586 0.923725 0.263964
-0.555665 0.614398 -0.560136 -0.707030 0.005267 0.707162 0.437430 0.788979 0.431471
-0.555665 0.614397 -0.560136 -0.707030 0.005267 0.707164 0.437430 0.788979 0.431471
0.206885 -2.130131 0.374990
0.000000 0.000000 0.000000
-0.994202 -2.423880 0.621433
0.000000 0.000000 0.000000
974449136
Locator 12
974449136
0 1 0 1 1 1 0.300000 0
974448728 0 1094635192 819298560 0 0
1.000000 1.000000 1.000000
1.000000 1.000000 1.000000
0.000000 0.000000 0.000000
0.000000 0.000000 0.000000
-0.910089 0.414411 0.001190 0.007190 0.012920 0.999891 0.414347 0.909993 -0.015134
-0.910089 0.414411 0.001190 0.007190 0.012920 0.999891 0.414347 0.909993 -0.015134
-0.555665 0.614398 -0.560136 -0.707030 0.005267 0.707162 0.437430 0.788979 0.431471
-0.918382 -0.007034 -0.395632 -0.395676 0.006619 0.918366 -0.003841 0.999953 -0.008862
0.206885 -2.130131 0.374990
0.000000 0.000000 0.000000
-0.994202 -2.423880 0.621433
0.000000 0.000000 0.000000
974449544
859057656
Locator 13
974449544
1 1 0 1 1 0 0.300000 0
974449136 0 1094635192 819298560 0 0
1.000000 1.000000 1.000000
1.000000 1.000000 1.000000
0.000000 0.000000 0.000000
0.000000 0.000000 0.000000
-0.910089 0.414411 0.001190 0.007190 0.012920 0.999891 0.414347 0.909993 -0.015134
-0.910089 0.414411 0.001190 0.007190 0.012920 0.999891 0.414347 0.909993 -0.015134
-0.918382 -0.007033 -0.395632 -0.395676 0.006619 0.918366 -0.003841 0.999953 -0.008862
-0.918382 -0.007034 -0.395632 -0.395676 0.006619 0.918366 -0.003841 0.999953 -0.008862
0.698584 -1.050258 0.357030
0.000000 0.000000 0.000000
-1.471699 -1.315485 0.610737
0.000000 0.000000 0.000000
974449952
Locator 14
974449952
0 1 0 1 1 2 0.300000 0
974449544 0 1094635192 974444792 0 0
1.000000 1.000000 1.000000
1.000000 1.000000 1.000000
0.000000 0.000000 0.000000
0.000000 0.000000 0.000000
-0.366873 -0.047438 -0.929061 -0.754833 0.598895 0.267494 0.543615 0.799505 -0.255488
-0.366873 -0.047438 -0.929061 -0.754833 0.598895 0.267494 0.543615 0.799505 -0.255488
-0.918382 -0.007033 -0.395632 -0.395676 0.006619 0.918366 -0.003841 0.999953 -0.008862
-0.239026 -0.964798 -0.109690 -0.422650 0.001672 0.906291 -0.874204 0.262988 -0.408172
0.698584 -1.050258 0.357030
0.000000 0.000000 0.000000
-1.471699 -1.315485 0.610737
0.000000 0.000000 0.000000
1094649800
859057720
859057912
Locator 15
1094649800
1 1 0 1 1 0 0.300000 0
974449952 0 1094635192 974444792 0 0
1.000000 1.000000 1.000000
1.000000 1.000000 1.000000
0.000000 0.000000 0.000000
0.000000 0.000000 0.000000
-0.366873 -0.047438 -0.929061 -0.754833 0.598895 0.267494 0.543615 0.799505 -0.255488
-0.366873 -0.047438 -0.929061 -0.754833 0.598895 0.267494 0.543615 0.799505 -0.255488
-0.239027 -0.964799 -0.109690 -0.422650 0.001672 0.906291 -0.874204 0.262987 -0.408171
-0.239026 -0.964798 -0.109690 -0.422650 0.001672 0.906291 -0.874204 0.262988 -0.408172
1.499697 0.127954 -0.019477
0.000000 0.000000 0.000000
-1.636071 0.042606 -0.000914
0.000000 0.000000 0.000000
1094652288
Locator 16
1094652288
0 1 0 1 1 2 0.300000 0
1094649800 0 1094635192 974445880 0 0
1.000000 1.000000 1.000000
1.000000 1.000000 1.000000
0.000000 0.000000 0.000000
0.000000 0.000000 0.000000
-0.086361 -0.295140 -0.951543 -0.781373 0.612595 -0.119091 0.617826 0.733408 -0.283555
-0.086361 -0.295140 -0.951543 -0.781373 0.612595 -0.119091 0.617826 0.733408 -0.283555
-0.239027 -0.964799 -0.109690 -0.422650 0.001672 0.906291 -0.874204 0.262987 -0.408171
0.110558 -0.992311 0.055636 -0.455885 -0.000890 0.890038 -0.883145 -0.123764 -0.452478
1.499697 0.127954 -0.019477
0.000000 0.000000 0.000000
-1.636071 0.042606 -0.000914
0.000000 0.000000 0.000000
1094652696
859057464
859057144
Locator 17
1094652696
1 1 0 1 1 0 0.300000 0
1094652288 0 1094635192 974445880 0 0
1.000000 1.000000 1.000000
1.000000 1.000000 1.000000
0.000000 0.000000 0.000000
0.000000 0.000000 0.000000
-0.086361 -0.295140 -0.951543 -0.781373 0.612595 -0.119091 0.617826 0.733408 -0.283555
-0.086361 -0.295140 -0.951543 -0.781373 0.612595 -0.119091 0.617826 0.733408 -0.283555
0.110557 -0.992311 0.055636 -0.455885 -0.000890 0.890038 -0.883144 -0.123764 -0.452478
0.110558 -0.992311 0.055636 -0.455885 -0.000890 0.890038 -0.883145 -0.123764 -0.452478
2.489467 1.302889 -0.473738
0.000000 0.000000 0.000000
-1.545459 1.492167 -0.737843
0.000000 0.000000 0.000000
1094650656
Locator 18
1094650656
0 1 0 1 1 2 0.300000 0
1094652696 0 1094635192 974444656 0 0
1.000000 1.000000 1.000000
1.000000 1.000000 1.000000
0.000000 0.000000 0.000000
0.000000 0.000000 0.000000
0.557546 -0.806996 0.194679 0.147645 -0.134377 -0.979869 0.816960 0.575021 0.043900
0.557546 -0.806996 0.194679 0.147645 -0.134377 -0.979869 0.816960 0.575021 0.043900
0.110557 -0.992311 0.055636 -0.455885 -0.000890 0.890038 -0.883144 -0.123764 -0.452478
0.856984 0.203725 0.473365 -0.482316 -0.006467 0.875973 0.181518 -0.979007 0.092718
2.489467 1.302889 -0.473738
0.000000 0.000000 0.000000
-1.545459 1.492167 -0.737843
0.000000 0.000000 0.000000
1094651472
859057784
859057208
Locator 19
1094651472
1 1 0 1 1 0 0.300000 0
1094650656 0 1094635192 974444656 0 0
1.000000 1.000000 1.000000
1.000000 1.000000 1.000000
0.000000 0.000000 0.000000
0.000000 0.000000 0.000000
0.557546 -0.806996 0.194679 0.147645 -0.134377 -0.979869 0.816960 0.575021 0.043900
0.557546 -0.806996 0.194679 0.147645 -0.134377 -0.979869 0.816960 0.575021 0.043900
0.856983 0.203725 0.473365 -0.482316 -0.006466 0.875973 0.181518 -0.979007 0.092718
0.856984 0.203725 0.473365 -0.482316 -0.006467 0.875973 0.181518 -0.979007 0.092718
3.389077 1.936083 -0.425396
0.000000 0.000000 0.000000
-1.015581 2.472719 -0.634056
0.000000 0.000000 0.000000
1094653104
Locator 20
1094653104
0 1 0 1 1 2 0.300000 0
1094651472 0 1094635192 974446560 0 0
1.000000 1.000000 1.000000
1.000000 1.000000 1.000000
0.000000 0.000000 0.000000
0.000000 0.000000 0.000000
0.146674 -0.868762 0.473012 0.448303 -0.367875 -0.814673 0.881831 0.331491 0.335393
0.146674 -0.868762 0.473012 0.448303 -0.367875 -0.814673 0.881831 0.331491 0.335393
0.856983 0.203725 0.473365 -0.482316 -0.006466 0.875973 0.181518 -0.979007 0.092718
0.379384 0.583618 0.717954 -0.882339 -0.005334 0.470584 0.278471 -0.812011 0.512925
3.389077 1.936083 -0.425396
0.000000 0.000000 0.000000
-1.015581 2.472719 -0.634056
0.000000 0.000000 0.000000
1094653512
859057080
859058104
Locator 21
1094653512
1 0 0 1 1 0 0.300000 0
1094653104 0 1094635192 974446560 0 0
1.000000 1.000000 1.000000
1.000000 1.000000 1.000000
0.000000 0.000000 0.000000
0.000000 0.000000 0.000000
0.146674 -0.868762 0.473012 0.448303 -0.367875 -0.814673 0.881831 0.331491 0.335393
0.146674 -0.868762 0.473012 0.448303 -0.367875 -0.814673 0.881831 0.331491 0.335393
0.379383 0.583618 0.717953 -0.882339 -0.005334 0.470584 0.278471 -0.812011 0.512925
0.379384 0.583618 0.717954 -0.882339 -0.005334 0.470584 0.278471 -0.812011 0.512925
4.395144 2.314276 -0.042752
0.000000 0.000000 0.000000
-0.187917 3.015213 -0.042751
0.000000 0.000000 0.000000
IK B 23
1094650248
3 0 0 1 1 0 0.300000 0
974447912 0 1094635192 0 973517600 0
1.000000 1.000000 1.000000
1.000000 1.000000 1.000000
0.000000 0.000000 0.000000
0.000000 0.000000 0.000000
-0.000689 -0.006878 -0.999976 -0.782381 0.622788 -0.003745 0.622799 0.782360 -0.005810
-0.000689 -0.006878 -0.999976 -0.782381 0.622788 -0.003745 0.622799 0.782360 -0.005810
1.000000 0.000000 -0.000000 0.000000 1.000000 0.000000 -0.000000 0.000000 1.000000
-0.000435 -1.000000 -0.000071 -0.006620 -0.000068 0.999978 -0.999978 0.000435 -0.006620
4.395144 2.314274 -0.042752
0.000000 0.000000 0.000000
-0.187917 3.015213 -0.042751
0.000000 0.000000 0.000000
Pole 24
1094651064
0 0 0 1 1 0 0.300000 0
788035840 0 0 0 0 858968832
1.000000 1.000000 1.000000
1.000000 1.000000 1.000000
0.000000 0.000000 0.000000
0.000000 0.000000 0.000000
1.000000 0.000000 0.000000 0.000000 1.000000 0.000000 0.000000 0.000000 1.000000
1.000000 0.000000 0.000000 0.000000 1.000000 0.000000 0.000000 0.000000 1.000000
1.000000 0.000000 0.000000 0.000000 1.000000 0.000000 0.000000 0.000000 1.000000
1.000000 0.000000 0.000000 0.000000 1.000000 0.000000 0.000000 0.000000 1.000000
-3.697151 0.016963 -0.021376
0.000000 0.000000 0.000000
-3.697151 0.016963 -0.021376
0.000000 0.000000 0.000000

