Poses
4
Default 0
1062751312
1063382128
9
1
1.000000 1.000000 1.000000
1.000000 1.000000 1.000000
0.000000 0.000000 0.000000
1.000000 0.000000 0.000000 0.000000 1.000000 0.000000 0.000000 0.000000 1.000000
1.000000 0.000000 0.000000 0.000000 1.000000 0.000000 0.000000 0.000000 1.000000
1.000000 0.000000 0.000000 0.000000 1.000000 0.000000 0.000000 0.000000 1.000000
-0.220930 -3.140927 0.157495
-0.220930 -3.140927 0.157495
1
1.000000 1.000000 1.000000
1.000000 1.000000 1.000000
0.000000 0.000000 0.000000
0.973947 0.221323 0.049438 0.062946 -0.054397 -0.996533 -0.217866 0.973682 -0.066911
1.000000 0.000000 0.000000 0.000000 1.000000 0.000000 0.000000 0.000000 1.000000
0.973947 0.062946 -0.217866 0.221323 -0.054397 0.973682 0.049438 -0.996533 -0.066911
-0.220930 -3.140927 0.157495
-0.220930 -3.140927 0.157495
1
1.000000 1.000000 1.000000
1.000000 1.000000 1.000000
0.000000 0.000000 0.000000
0.973947 0.221323 0.049438 0.062946 -0.054397 -0.996533 -0.217866 0.973682 -0.066911
0.973948 0.062946 -0.217865 0.221324 -0.054397 0.973681 0.049438 -0.996532 -0.066911
0.973947 0.062946 -0.217866 0.221323 -0.054397 0.973682 0.049438 -0.996533 -0.066911
-0.650353 -1.221763 0.025611
-0.650353 -1.221763 0.025611
1
1.000000 1.000000 1.000000
1.000000 1.000000 1.000000
0.000000 0.000000 0.000000
0.072893 0.057480 0.995682 0.997075 0.018836 -0.074082 -0.023013 0.998169 -0.055939
0.973948 0.062946 -0.217865 0.221324 -0.054397 0.973681 0.049438 -0.996532 -0.066911
0.072893 0.997075 -0.023013 0.057480 0.018836 0.998169 0.995682 -0.074082 -0.055939
-0.650353 -1.221763 0.025611
-0.650353 -1.221763 0.025611
1
1.000000 1.000000 1.000000
1.000000 1.000000 1.000000
0.000000 0.000000 0.000000
0.072893 0.057480 0.995682 0.997075 0.018836 -0.074082 -0.023013 0.998169 -0.055939
0.072894 0.997075 -0.023011 0.057480 0.018837 0.998168 0.995679 -0.074081 -0.055937
0.072893 0.997075 -0.023013 0.057480 0.018836 0.998169 0.995682 -0.074082 -0.055939
-0.691903 0.580426 -0.075387
-0.650353 -1.221763 1.831106
1
1.000000 1.000000 1.000000
1.000000 1.000000 1.000000
0.000000 0.000000 0.000000
0.987196 -0.143246 0.070175 0.062946 -0.054397 -0.996531 0.146569 0.988190 -0.044683
0.072894 0.997075 -0.023011 0.057480 0.018837 0.998168 0.995679 -0.074081 -0.055937
0.987196 0.062946 0.146569 -0.143246 -0.054397 0.988190 0.070175 -0.996531 -0.044683
-0.691903 0.580426 -0.075387
-0.650353 -1.221763 1.831106
1
1.000000 1.000000 1.000000
1.000000 1.000000 1.000000
0.000000 0.000000 0.000000
0.987196 -0.143246 0.070175 0.062946 -0.054397 -0.996531 0.146569 0.988190 -0.044683
0.987195 0.062945 0.146573 -0.143241 -0.054398 0.988189 0.070175 -0.996528 -0.044681
0.987196 0.062946 0.146569 -0.143246 -0.054397 0.988190 0.070175 -0.996531 -0.044683
-0.476273 2.034246 -0.141124
-0.429781 -1.105029 3.280979
1
1.000000 1.000000 1.000000
1.000000 1.000000 1.000000
0.000000 0.000000 0.000000
0.957234 -0.279226 0.075702 0.062942 -0.054397 -0.996530 0.282383 0.958682 -0.034493
0.987195 0.062945 0.146573 -0.143241 -0.054398 0.988189 0.070175 -0.996528 -0.044681
0.957234 0.062942 0.282383 -0.279226 -0.054397 0.958682 0.075702 -0.996530 -0.034493
-0.476273 2.034246 -0.141124
-0.429781 -1.105029 3.280979
1
1.000000 1.000000 1.000000
1.000000 1.000000 1.000000
0.000000 0.000000 0.000000
0.957234 -0.279226 0.075702 0.062942 -0.054397 -0.996530 0.282383 0.958682 -0.034493
0.957232 0.062939 0.282393 -0.279216 -0.054399 0.958684 0.075702 -0.996527 -0.034489
0.957234 0.062942 0.282383 -0.279226 -0.054397 0.958682 0.075702 -0.996530 -0.034493
-0.088762 3.349851 -0.188461
-0.059864 -0.909254 4.587905
Pose 1
1062751120
1063382128
9
1
1.000000 1.000000 1.000000
1.000000 1.000000 1.000000
0.000000 0.000000 0.000000
1.000000 0.000000 0.000000 0.000000 1.000000 0.000000 0.000000 0.000000 1.000000
1.000000 0.000000 0.000000 0.000000 1.000000 0.000000 0.000000 0.000000 1.000000
1.000000 0.000000 0.000000 0.000000 1.000000 0.000000 0.000000 0.000000 1.000000
-0.220930 -3.140927 0.157495
0.000000 0.000000 0.000000
1
1.000000 1.000000 1.000000
1.000000 1.000000 1.000000
0.000000 0.000000 0.000000
0.973947 0.221323 0.049438 0.062946 -0.054397 -0.996533 -0.217866 0.973682 -0.066911
1.000000 0.000000 0.000000 0.000000 1.000000 0.000000 0.000000 0.000000 1.000000
0.973947 0.062946 -0.217866 0.221323 -0.054397 0.973682 0.049438 -0.996533 -0.066911
-0.220930 -3.140927 0.157495
0.000000 0.000000 0.000000
1
1.000000 1.000000 1.000000
1.000000 1.000000 1.000000
0.000000 0.000000 0.000000
0.973947 0.221323 0.049438 0.062946 -0.054397 -0.996533 -0.217866 0.973682 -0.066911
0.973947 0.062946 -0.217866 0.221323 -0.054397 0.973682 0.049438 -0.996533 -0.066911
0.973947 0.062946 -0.217866 0.221323 -0.054397 0.973682 0.049438 -0.996533 -0.066911
-0.650353 -1.221763 0.025611
0.000000 0.000000 0.000000
1
1.000000 1.000000 1.000000
1.000000 1.000000 1.000000
0.000000 0.516484 0.000000
0.906139 -0.415363 0.079910 0.062947 -0.054396 -0.996533 0.418270 0.908028 -0.023145
0.973947 0.062946 -0.217866 0.221323 -0.054397 0.973682 0.049438 -0.996533 -0.066911
0.997751 0.062947 -0.023013 0.026455 -0.054396 0.998169 0.061580 -0.996533 -0.055939
-0.650353 -1.221763 0.025611
0.000000 0.000000 0.000000
1
1.000000 1.000000 1.000000
1.000000 1.000000 1.000000
0.000000 0.000000 0.000000
0.906139 -0.415363 0.079910 0.062947 -0.054396 -0.996533 0.418270 0.908028 -0.023145
0.997751 0.062947 -0.023013 0.026455 -0.054396 0.998169 0.061580 -0.996533 -0.055939
0.997751 0.062947 -0.023013 0.026455 -0.054396 0.998169 0.061580 -0.996533 -0.055939
0.104832 0.417676 -0.016177
0.000000 0.000000 0.000000
1
1.000000 1.000000 1.000000
1.000000 1.000000 1.000000
0.000000 0.000000 0.000000
0.822056 -0.563371 0.082677 0.062946 -0.054396 -0.996533 0.565916 0.824411 -0.009255
0.997751 0.062947 -0.023013 0.026455 -0.054396 0.998169 0.061580 -0.996533 -0.055939
0.987196 0.062946 0.146568 -0.143247 -0.054396 0.988191 0.070175 -0.996534 -0.044683
0.104832 0.417676 -0.016177
0.000000 0.000000 0.000000
1
1.000000 1.000000 1.000000
1.000000 1.000000 1.000000
0.000000 0.000000 0.000000
0.822056 -0.563371 0.082677 0.062946 -0.054396 -0.996533 0.565916 0.824411 -0.009255
0.987196 0.062946 0.146568 -0.143247 -0.054396 0.988191 0.070175 -0.996534 -0.044683
0.987196 0.062946 0.146568 -0.143247 -0.054396 0.988191 0.070175 -0.996534 -0.044683
0.937405 1.630545 -0.029792
0.000000 0.000000 0.000000
1
1.000000 1.000000 1.000000
1.000000 1.000000 1.000000
0.000000 0.000000 0.000000
0.735404 -0.672507 0.083157 0.062943 -0.054394 -0.996534 0.674700 0.738089 0.002328
0.987196 0.062946 0.146568 -0.143247 -0.054396 0.988191 0.070175 -0.996534 -0.044683
0.957236 0.062942 0.282380 -0.279230 -0.054396 0.958682 0.075702 -0.996534 -0.034494
0.937405 1.630545 -0.029792
0.000000 0.000000 0.000000
1
1.000000 1.000000 1.000000
1.000000 1.000000 1.000000
0.000000 0.000000 0.000000
0.735404 -0.672507 0.083157 0.062943 -0.054394 -0.996534 0.674700 0.738089 0.002328
0.957236 0.062942 0.282380 -0.279230 -0.054396 0.958682 0.075702 -0.996534 -0.034494
0.957236 0.062942 0.282380 -0.279230 -0.054396 0.958682 0.075702 -0.996534 -0.034494
1.863299 2.643428 -0.026597
0.000000 0.000000 0.000000
Pose 2
1062750896
1063382128
9
1
1.000000 1.000000 1.000000
1.000000 1.000000 1.000000
0.000000 0.000000 0.000000
1.000000 0.000000 0.000000 0.000000 1.000000 0.000000 0.000000 0.000000 1.000000
1.000000 0.000000 0.000000 0.000000 1.000000 0.000000 0.000000 0.000000 1.000000
1.000000 0.000000 0.000000 0.000000 1.000000 0.000000 0.000000 0.000000 1.000000
-0.220930 -3.140927 0.157495
0.000000 0.000000 0.000000
1
1.000000 1.000000 1.000000
1.000000 1.000000 1.000000
0.000000 0.000000 0.000000
0.973947 0.221323 0.049438 0.062946 -0.054397 -0.996533 -0.217866 0.973682 -0.066911
1.000000 0.000000 0.000000 0.000000 1.000000 0.000000 0.000000 0.000000 1.000000
0.973947 0.062946 -0.217866 0.221323 -0.054397 0.973682 0.049438 -0.996533 -0.066911
-0.220930 -3.140927 0.157495
0.000000 0.000000 0.000000
1
1.000000 1.000000 1.000000
1.000000 1.000000 1.000000
0.000000 0.000000 0.000000
0.973947 0.221323 0.049438 0.062946 -0.054397 -0.996533 -0.217866 0.973682 -0.066911
0.973947 0.062946 -0.217866 0.221323 -0.054397 0.973682 0.049438 -0.996533 -0.066911
0.973947 0.062946 -0.217866 0.221323 -0.054397 0.973682 0.049438 -0.996533 -0.066911
-0.650352 -1.221762 0.025611
0.000000 0.000000 0.000000
1
0.662637 0.662637 1.168132
0.662637 0.662637 1.168132
0.000000 0.516484 0.000000
0.906139 -0.415363 0.079910 0.062947 -0.054396 -0.996533 0.418270 0.908028 -0.023145
0.973947 0.062946 -0.217866 0.221323 -0.054397 0.973682 0.049438 -0.996533 -0.066911
0.997751 0.062947 -0.023013 0.026455 -0.054396 0.998169 0.061580 -0.996533 -0.055939
-0.650352 -1.221762 0.025611
0.000000 0.000000 0.000000
1
1.000000 1.000000 1.000000
0.662637 0.662637 1.168132
0.000000 0.000000 0.000000
0.906139 -0.415363 0.079910 0.062947 -0.054396 -0.996533 0.418270 0.908028 -0.023145
0.997751 0.062947 -0.023013 0.026455 -0.054396 0.998169 0.061580 -0.996533 -0.055939
0.997751 0.062947 -0.023013 0.026455 -0.054396 0.998169 0.061580 -0.996533 -0.055939
0.231803 0.693319 -0.023203
0.000000 0.000000 0.000000
1
1.000000 1.000000 1.000000
0.662637 0.662637 1.168132
0.000000 0.000000 0.000000
0.822056 -0.563371 0.082677 0.062946 -0.054396 -0.996533 0.565916 0.824411 -0.009255
0.997751 0.062947 -0.023013 0.026455 -0.054396 0.998169 0.061580 -0.996533 -0.055939
0.987196 0.062946 0.146568 -0.143247 -0.054396 0.988191 0.070175 -0.996534 -0.044683
0.231803 0.693319 -0.023203
0.000000 0.000000 0.000000
1
1.000000 1.000000 1.000000
0.662637 0.662637 1.168132
0.000000 0.000000 0.000000
0.822056 -0.563371 0.082677 0.062946 -0.054396 -0.996533 0.565916 0.824411 -0.009255
0.987196 0.062946 0.146568 -0.143247 -0.054396 0.988191 0.070175 -0.996534 -0.044683
0.987196 0.062946 0.146568 -0.143247 -0.054396 0.988191 0.070175 -0.996534 -0.044683
1.090049 2.162507 -0.049188
0.000000 0.000000 0.000000
1
1.000000 1.000000 1.000000
0.662637 0.662637 1.168132
0.000000 0.000000 0.000000
0.735404 -0.672507 0.083157 0.062943 -0.054394 -0.996534 0.674700 0.738089 0.002328
0.987196 0.062946 0.146568 -0.143247 -0.054396 0.988191 0.070175 -0.996534 -0.044683
0.957236 0.062942 0.282380 -0.279230 -0.054396 0.958682 0.075702 -0.996534 -0.034494
1.090049 2.162507 -0.049188
0.000000 0.000000 0.000000
1
1.000000 1.000000 1.000000
0.662637 0.662637 1.168132
0.000000 0.000000 0.000000
0.735404 -0.672507 0.083157 0.062943 -0.054394 -0.996534 0.674700 0.738089 0.002328
0.957236 0.062942 0.282380 -0.279230 -0.054396 0.958682 0.075702 -0.996534 -0.034494
0.957236 0.062942 0.282380 -0.279230 -0.054396 0.958682 0.075702 -0.996534 -0.034494
1.979910 3.433564 -0.062361
0.000000 0.000000 0.000000
Pose 3
1062750640
1063382128
9
1
1.000000 1.000000 1.000000
1.000000 1.000000 1.000000
0.000000 0.000000 0.000000
1.000000 0.000000 0.000000 0.000000 1.000000 0.000000 0.000000 0.000000 1.000000
1.000000 0.000000 0.000000 0.000000 1.000000 0.000000 0.000000 0.000000 1.000000
1.000000 0.000000 0.000000 0.000000 1.000000 0.000000 0.000000 0.000000 1.000000
-0.220930 -3.140927 0.157495
0.000000 0.000000 0.000000
1
1.000000 1.000000 1.000000
1.000000 1.000000 1.000000
0.000000 0.000000 0.000000
0.973947 0.221323 0.049438 0.062946 -0.054397 -0.996533 -0.217866 0.973682 -0.066911
1.000000 0.000000 0.000000 0.000000 1.000000 0.000000 0.000000 0.000000 1.000000
0.973947 0.062946 -0.217866 0.221323 -0.054397 0.973682 0.049438 -0.996533 -0.066911
-0.220930 -3.140927 0.157495
0.000000 0.000000 0.000000
1
1.000000 1.000000 1.000000
1.000000 1.000000 1.000000
0.000000 0.000000 0.000000
0.973947 0.221323 0.049438 0.062946 -0.054397 -0.996533 -0.217866 0.973682 -0.066911
0.973948 0.062946 -0.217866 0.221323 -0.054397 0.973681 0.049438 -0.996533 -0.066911
0.973947 0.062946 -0.217866 0.221323 -0.054397 0.973682 0.049438 -0.996533 -0.066911
-0.650352 -1.221764 0.025611
0.000000 0.000000 0.000000
1
0.696373 0.696373 1.151319
0.696373 0.696373 1.151319
0.000000 0.000000 0.000000
0.852421 0.048827 0.520571 0.522350 -0.035703 -0.851982 -0.023012 0.998168 -0.055939
0.973948 0.062946 -0.217866 0.221323 -0.054397 0.973681 0.049438 -0.996533 -0.066911
0.852421 0.522350 -0.023013 0.048827 -0.035704 0.998169 0.520572 -0.851983 -0.055939
-0.650352 -1.221764 0.025611
0.000000 0.000000 0.000000
1
1.000000 1.000000 1.000000
0.696373 0.696373 1.151319
0.000000 0.000000 0.000000
0.852421 0.048827 0.520571 0.522350 -0.035703 -0.851982 -0.023012 0.998168 -0.055939
0.852421 0.522349 -0.023012 0.048826 -0.035703 0.998169 0.520571 -0.851982 -0.055938
0.852421 0.522350 -0.023013 0.048827 -0.035704 0.998169 0.520572 -0.851983 -0.055939
-0.698181 0.853129 -0.090669
0.000000 0.000000 0.000000
1
1.000000 1.000000 1.000000
0.696373 0.696373 1.151319
0.000000 0.000000 0.000000
0.987196 -0.143246 0.070175 0.062946 -0.054397 -0.996531 0.146569 0.988190 -0.044683
0.852421 0.522349 -0.023012 0.048826 -0.035703 0.998169 0.520571 -0.851982 -0.055938
0.987195 0.062946 0.146568 -0.143246 -0.054397 0.988191 0.070175 -0.996533 -0.044683
-0.698181 0.853129 -0.090669
0.000000 0.000000 0.000000
1
1.000000 1.000000 1.000000
0.696373 0.696373 1.151319
0.000000 0.000000 0.000000
0.987196 -0.143246 0.070175 0.062946 -0.054397 -0.996531 0.146569 0.988190 -0.044683
0.987195 0.062946 0.146570 -0.143245 -0.054397 0.988190 0.070175 -0.996533 -0.044682
0.987195 0.062946 0.146568 -0.143246 -0.054397 0.988191 0.070175 -0.996533 -0.044683
-0.563194 2.523936 -0.173343
0.000000 0.000000 0.000000
1
1.000000 1.000000 1.000000
0.696373 0.696373 1.151319
0.000000 0.000000 0.000000
0.957234 -0.279226 0.075702 0.062942 -0.054397 -0.996530 0.282383 0.958682 -0.034493
0.987195 0.062946 0.146570 -0.143245 -0.054397 0.988190 0.070175 -0.996533 -0.044682
0.957235 0.062942 0.282381 -0.279228 -0.054397 0.958683 0.075702 -0.996533 -0.034494
-0.563194 2.523936 -0.173343
0.000000 0.000000 0.000000
1
1.000000 1.000000 1.000000
0.696373 0.696373 1.151319
0.000000 0.000000 0.000000
0.957234 -0.279226 0.075702 0.062942 -0.054397 -0.996530 0.282383 0.958682 -0.034493
0.957235 0.062941 0.282385 -0.279224 -0.054397 0.958684 0.075703 -0.996533 -0.034493
0.957235 0.062942 0.282381 -0.279228 -0.054397 0.958683 0.075702 -0.996533 -0.034494
-0.307012 4.033581 -0.239564
0.000000 0.000000 0.000000

