Bones
24
Bone 0
817137984
0
0.556497 -0.123264 0.821655 -0.827969 -0.000000 0.560774 -0.069123 -0.992374 -0.102058
0.556497 -0.123264 0.821655 -0.827969 0.000000 0.560774 -0.069123 -0.992374 -0.102058
1029896536 1029896944 957378880
0 0.180998
0
Bone 1
817137576
817137984
-0.540811 0.830037 0.136242 -0.084195 0.107741 -0.990608 -0.836920 -0.547202 0.011617
-0.291329 0.524176 -0.800229 -0.874073 -0.485796 -0.000000 -0.388748 0.699458 0.599694
1029897352 1029897760 957378880
0 0.261389
0
Bone 2
817138936
817137576
0.133110 0.264322 0.955205 -0.990038 -0.009170 0.140501 0.045896 -0.964391 0.260468
0.134976 0.951029 -0.278074 -0.990078 0.140518 -0.000000 0.039074 0.275315 0.960560
1029898576 1029898984 957378880
1 0.898958
957411168
Bone 3
817139072
817138936
-0.135043 0.344272 -0.929107 0.990038 0.009170 -0.140501 -0.039851 -0.938825 -0.342080
-0.814465 -0.000000 -0.580213 0.000000 -1.000000 0.000000 -0.580213 -0.000000 0.814465
1029899392 1029899840 957378880
2 0.755565
957411168
Bone 4
1029884656
817139072
0.028845 0.586329 0.809560 -0.999178 0.039994 0.006635 -0.028488 -0.809085 0.587000
0.032991 0.800424 -0.598526 -0.998870 0.005908 -0.047157 -0.034210 0.599405 0.799714
1029902696 1029901880 957378880
0 0.256011
0
Bone 5
1029883704
1029884656
0.088460 0.922277 0.376270 -0.995849 0.073757 0.053334 0.021436 -0.379426 0.924974
0.847923 -0.049005 -0.527850 0.057698 0.998334 0.000001 0.526972 -0.030456 0.849337
1029902288 1029900656 957378880
0 0.209575
0
Bone 6
1029884112
817137984
0.450366 0.860098 0.239585 -0.360065 -0.070589 0.930253 0.817021 -0.505221 0.277900
0.341464 -0.238536 -0.909121 0.572673 0.819784 -0.000000 0.745283 -0.520629 0.416531
1029903104 1029901064 957378880
0 0.287831
0
Bone 7
1029883296
1029884112
-0.014972 0.196195 0.980451 -0.999783 0.011281 -0.017524 -0.014498 -0.980500 0.195984
-0.016958 0.965427 -0.260121 -0.999846 -0.017562 0.000000 -0.004568 0.260081 0.965576
1029903944 1029906392 957378880
1 0.885690
957410880
Bone 8
1029884520
1029883296
0.020474 0.374405 -0.927039 0.999783 -0.011281 0.017524 -0.003896 -0.927197 -0.374555
-0.835766 0.000000 -0.549086 -0.000000 -1.000000 -0.000000 -0.549086 0.000000 0.835766
1029907616 1029904760 957378880
2 0.736571
957410880
Bone 9
1029882888
1029884520
0.029764 0.662841 0.748169 -0.998257 -0.018452 0.056061 0.050964 -0.748533 0.661136
0.023050 0.702916 -0.710900 -0.998019 0.057819 0.024809 0.058542 0.708919 0.702856
1029909656 1029911288 957378880
0 0.213367
0
Bone 10
1029883432
1029882888
0.003401 0.786934 0.617027 -0.998618 -0.029687 0.043367 0.052445 -0.616322 0.785746
0.983354 0.016676 -0.180934 -0.016955 0.999856 -0.000000 0.180908 0.003068 0.983495
1029908024 1029910064 957378880
0 0.229894
0
Bone 11
1029882344
817137984
-1.000000 -0.000000 0.000000 0.000000 -0.062378 0.998053 0.000000 0.998053 0.062378
-0.556497 0.827969 0.069123 0.827744 0.559682 -0.039957 -0.071771 0.034980 -0.996808
1029910880 1029904352 957378880
0 0.239635
0
Bone 12
1029883024
1029882344
0.000000 -0.088927 0.996038 1.000000 0.000000 -0.000000 0.000000 0.996038 0.088932
0.000000 0.999646 -0.026623 -1.000000 0.000000 0.000000 0.000000 0.026628 0.999646
1029908432 1029908840 957378880
0 0.280139
0
Bone 13
1029883568
1029883024
0.000000 -0.097888 -0.995197 -1.000000 0.000000 -0.000000 0.000000 0.995197 -0.097888
-0.982549 0.000000 -0.186005 -0.000000 -1.000000 0.000000 -0.186000 0.000000 0.982549
1029909248 1029905984 957378880
0 0.305409
0
Bone 14
1029882072
1029883568
0.000000 -0.267644 0.963518 1.000000 0.000000 -0.000000 0.000000 0.963518 0.267644
-0.932691 -0.000000 -0.360675 0.000000 -1.000000 0.000000 -0.360675 0.000000 0.932691
1029905576 1029910472 957378880
0 0.186168
0
Bone 15
1029884248
1029882072
0.000000 0.094176 -0.995556 -1.000000 0.000000 0.000000 0.000000 0.995556 0.094174
-0.984442 0.000000 -0.175714 0.000000 -1.000000 0.000000 -0.175716 0.000000 0.984441
1029906800 1029907208 957378880
0 0.370363
0
Bone 16
1029881800
1029883568
0.350870 -0.930570 0.104544 -0.036884 0.097822 0.994520 -0.935697 -0.352804 0.000000
-0.012950 -0.350870 -0.936334 -0.999319 0.036884 0.000001 0.034535 0.935697 -0.351109
1029905168 1029925448 957378880
0 0.324829
0
Bone 17
1029884928
1029881800
-0.682988 0.389220 -0.618090 0.654326 -0.050062 -0.754553 -0.324630 -0.919783 -0.220485
-0.769310 -0.596820 -0.227963 0.612960 -0.790114 0.000000 -0.180117 -0.139732 0.973670
1029927488 1029929120 957378880
1 0.644647
957411744
Bone 18
1029884792
1029884928
0.756212 0.043317 0.652891 -0.654326 0.050062 0.754553 0.000000 -0.997806 0.066201
-0.903169 -0.000000 -0.429284 0.000000 -1.000000 0.000000 -0.429284 -0.000000 0.903169
1029924632 1029927080 957378880
2 0.692886
957411744
Bone 19
1029885064
1029884792
0.045043 0.375345 -0.925790 0.998747 0.003313 0.049936 0.021810 -0.926879 -0.374726
-0.066153 -0.948963 -0.308371 0.985829 -0.014412 -0.167131 0.154156 -0.315058 0.936469
1029921368 1029921776 957378880
0 0.228453
0
Bone 20
1029882480
1029883568
-0.314542 -0.943625 0.103128 -0.032612 -0.097836 -0.994668 0.948683 -0.316228 0.000000
-0.010263 0.314542 -0.949188 0.999468 0.032612 -0.000000 0.030955 -0.948683 -0.314709
1029927896 1029923816 957378880
0 0.299375
0
Bone 21
1029885200
1029882480
0.661770 0.387980 -0.641508 0.673751 0.067520 0.735867 0.328816 -0.919191 -0.216720
-0.753384 0.622151 -0.212933 -0.636754 -0.771067 0.000000 -0.164186 0.135586 0.977067
1029922184 1029925856 957378880
1 0.666746
957411456
Bone 22
1029883840
1029885200
-0.738392 0.022554 0.673994 -0.673751 -0.067520 -0.735867 0.028911 -0.997463 0.065052
-0.912268 0.000000 -0.409595 0.000000 -1.000000 -0.000000 -0.409595 -0.000000 0.912268
1029923408 1029924224 957378880
2 0.689356
957411456
Bone 23
1029882616
1029883840
-0.296113 0.363148 -0.883426 0.948989 0.006948 -0.315232 -0.108338 -0.931705 -0.346681
0.179248 0.922013 -0.343166 -0.948639 0.254410 0.188038 0.260679 0.291835 0.920260
1029925040 1029922592 957378880
0 0.229960
0

