ikChains
4
ikChain 0
957744024
957712688
2
1029885088
1029885360
1.622261
0.003891 -0.015306 -0.231858
-0.010105 -0.997782 -0.065798
0.273724 0.506266 0.158792
0.402809 -0.429401 0.099979
-0.999783 0.011281 -0.017524
-0.000682 -0.067297 -0.004438
-0.010105 -0.997782 -0.065800
0.402809 -0.429401 0.099979
0.510161 -1.207535 0.051068
0.999783 -0.011281 0.017524
1029905712
1029908800
0.999949 -0.010127 0.000001 -0.000667 -0.065796 0.997833 -0.010105 -0.997782 -0.065799
0.889656 0.097196 0.406336 -0.395705 -0.110714 0.892862 0.145745 -1.056427 -0.066404
0.000000 1.554814
-0.010105 -0.997782 -0.065799
1 0
1029889008 1029888768
ikChain 1
957744312
957712688
2
815762880
815763152
1.654523
-0.034902 -0.031882 -0.248014
0.118371 -0.594560 0.795290
-0.173164 0.460647 0.259719
-0.110628 0.137309 1.105960
-0.990038 -0.009170 0.140501
0.000552 -0.077994 -0.001203
-0.119686 -0.470813 -0.874077
-0.110628 0.137309 1.105960
-0.123247 -0.397881 0.568279
0.990038 0.009170 -0.140501
1029901184
1029902856
0.999614 0.019175 0.020106 -0.021237 0.060725 0.997929 0.017915 -0.997970 0.061109
0.991624 0.090702 0.091948 -0.117032 0.329867 0.936745 0.055959 -0.962449 0.345910
0.000000 1.576518
0.007072 -0.999856 -0.015423
1 0
855234240 1029888568
ikChain 2
957744600
957712688
2
1029885904
1029887672
1.356102
-0.098981 -0.041027 0.094390
0.328809 -0.919195 -0.216713
0.089416 1.302553 -0.509150
0.387443 0.731168 -0.338131
0.673751 0.067520 0.735867
0.005423 -0.029489 -0.002260
0.028919 -0.997463 0.065045
0.387443 0.731168 -0.338131
0.567146 0.217837 0.085436
-0.673751 -0.067520 -0.735867
1029928872
1029927240
-0.981567 -0.184373 0.050318 -0.063204 0.064691 -0.995902 0.180363 -0.980725 -0.075151
-0.865635 -0.114007 0.487523 -0.347681 -0.563785 -0.749176 0.360269 -0.818014 0.448393
0.000000 1.326033
0.180363 -0.980725 -0.075151
0 1
0 0
ikChain 3
957744888
957712688
2
1029885768
1029887808
1.337533
0.105879 -0.041586 0.094574
-0.644885 -0.558060 -0.522199
-0.456971 1.286872 -0.291661
-0.912039 0.747577 -0.392754
0.654326 -0.050062 -0.754553
-0.005251 -0.032223 -0.002415
0.395040 -0.828207 0.397513
-0.912039 0.747577 -0.392754
-0.513214 0.155399 -0.086300
-0.654326 0.050062 0.754553
1029927648
1029931728
0.986798 -0.153486 0.051695 -0.060926 -0.056063 0.996567 -0.150060 -0.986559 -0.064674
0.971613 -0.088143 -0.219542 0.231477 0.162580 0.959159 -0.059433 -1.195651 0.217009
0.000000 1.304796
-0.160387 -0.984293 -0.073778
0 1
0 0

