ikChains
4
ikChain 0
957410880
957378880
2
1029883296
1029884520
1.622261
0.003891 -0.015306 -0.231858
-0.014498 -0.980500 0.195984
0.222653 0.407127 0.061516
0.209812 -0.461292 0.235097
-0.999783 0.011281 -0.017524
-0.000682 -0.067297 -0.004438
-0.003896 -0.927197 -0.374555
0.209812 -0.461292 0.235097
0.206942 -1.144238 -0.040789
0.999783 -0.011281 0.017524
1029901472
1029911696
0.999949 -0.010127 0.000000 -0.000666 -0.065795 0.997833 -0.010105 -0.997782 -0.065799
0.999949 -0.010127 0.000000 -0.000666 -0.065795 0.997833 -0.010105 -0.997782 -0.065799
0.000000 1.554814
-0.010105 -0.997782 -0.065799
1 0
1029886192 1029886712
ikChain 1
957411168
957378880
2
817138936
817139072
1.654523
-0.034902 -0.031882 -0.248014
0.042513 -0.970772 0.236208
-0.231273 0.409513 -0.015436
-0.599041 -0.333387 0.323974
-0.990038 -0.009170 0.140501
0.000552 -0.077994 -0.001203
-0.035760 -0.948780 -0.313906
-0.599041 -0.333387 0.323974
-0.805539 -1.048713 0.211649
0.990038 0.009170 -0.140501
1029898168
1029900248
0.999975 0.007045 -0.000046 0.000156 -0.015621 0.999878 0.007044 -0.999853 -0.015622
0.860701 -0.271538 0.432907 -0.359697 0.280410 0.891031 -0.361223 -0.917249 0.142841
0.000000 1.576518
0.007072 -0.999856 -0.015423
1 0
1029885872 1029886672
ikChain 2
957411456
957378880
2
1029885200
1029883840
1.356102
-0.098981 -0.041027 0.094390
0.328816 -0.919191 -0.216720
0.284012 1.459632 0.009965
0.503249 0.846765 -0.134532
0.673751 0.067520 0.735867
0.005423 -0.029489 -0.002260
0.028911 -0.997463 0.065052
0.503249 0.846765 -0.134532
0.523179 0.159158 -0.089688
-0.673751 -0.067520 -0.735867
1029928304
1029928712
-0.981567 -0.184373 0.050318 -0.063204 0.064691 -0.995902 0.180363 -0.980725 -0.075151
-0.981567 -0.184373 0.050318 -0.063204 0.064691 -0.995902 0.180363 -0.980725 -0.075151
0.000000 1.326033
0.180363 -0.980725 -0.075151
0 1
0 0
ikChain 3
957411744
957378880
2
1029884928
1029884792
1.337533
0.105879 -0.041586 0.094574
-0.324630 -0.919783 -0.220485
-0.303942 1.439701 0.009965
-0.513214 0.846765 -0.132170
0.654326 -0.050062 -0.754553
-0.005251 -0.032223 -0.002415
0.000000 -0.997806 0.066201
-0.513214 0.846765 -0.132170
-0.513214 0.155399 -0.086300
-0.654326 0.050062 0.754553
1029926264
1029926672
0.984977 -0.164449 0.052705 -0.064010 -0.064216 0.995881 -0.160387 -0.984293 -0.073778
0.984977 -0.164449 0.052705 -0.064010 -0.064216 0.995881 -0.160387 -0.984293 -0.073778
0.000000 1.304796
-0.160387 -0.984293 -0.073778
0 1
0 0

