Transformers
63
Object 7
1029895720
0 0 0 0 1 0 1.000000 0
785403328 957412216 0 0 0 0
1.000000 1.000000 1.000000
1.000000 1.000000 1.000000
0.000000 0.000000 0.000000
0.000000 0.000000 0.000000
1.000000 0.000000 0.000000 0.000000 1.000000 0.000000 0.000000 0.000000 1.000000
1.000000 0.000000 0.000000 0.000000 1.000000 0.000000 0.000000 0.000000 1.000000
1.000000 0.000000 0.000000 0.000000 1.000000 0.000000 0.000000 0.000000 1.000000
1.000000 0.000000 0.000000 0.000000 1.000000 0.000000 0.000000 0.000000 1.000000
0.000000 0.000000 0.000000
0.000000 0.000000 0.000000
0.000000 0.000000 0.000000
0.000000 0.000000 0.000000
Locator 8
1029896128
4 1 0 1 1 0 0.110000 0
785403328 0 957378880 0 0 0
1.000000 1.000000 1.000000
1.000000 1.000000 1.000000
0.000000 0.000000 0.000000
0.000000 0.000000 0.000000
1.000000 0.000000 0.000000 0.000000 1.000000 0.000000 0.000000 0.000000 1.000000
1.000000 0.000000 0.000000 0.000000 1.000000 0.000000 0.000000 0.000000 1.000000
1.000000 0.000000 0.000000 0.000000 1.000000 0.000000 0.000000 0.000000 1.000000
1.000000 0.000000 0.000000 0.000000 1.000000 0.000000 0.000000 0.000000 1.000000
0.000000 0.732163 0.000000
0.000000 0.000000 0.000000
0.000000 0.732163 0.000000
0.000000 0.000000 0.000000
1029896536
Locator 9
1029896536
0 2 0 1 1 2 0.110000 0
1029896128 0 957378880 817137984 0 0
1.000000 1.000000 1.000000
1.000000 1.000000 1.000000
0.000000 0.000000 0.000000
0.000000 0.000000 0.000000
0.556497 -0.123264 0.821655 -0.827969 -0.000000 0.560774 -0.069123 -0.992374 -0.102058
0.556497 -0.123264 0.821655 -0.827969 -0.000000 0.560774 -0.069123 -0.992374 -0.102058
1.000000 0.000000 0.000000 0.000000 1.000000 0.000000 0.000000 0.000000 1.000000
0.556497 -0.827969 -0.069123 -0.123264 -0.000000 -0.992374 0.821655 0.560774 -0.102058
0.000000 0.732163 0.000000
0.000000 0.000000 0.000000
0.000000 0.732163 0.000000
0.000000 0.000000 0.000000
1029896944
1029910880
957335216
1029844024
Locator 10
1029896944
1 2 0 1 1 0 0.110000 0
1029896536 0 957378880 817137984 0 0
1.000000 1.000000 1.000000
1.000000 1.000000 1.000000
0.000000 0.000000 0.000000
0.000000 0.000000 0.000000
0.556497 -0.123264 0.821655 -0.827969 -0.000000 0.560774 -0.069123 -0.992374 -0.102058
0.556497 -0.123264 0.821655 -0.827969 -0.000000 0.560774 -0.069123 -0.992374 -0.102058
0.556489 -0.827969 -0.069119 -0.123273 -0.000003 -0.992374 0.821655 0.560782 -0.102049
0.556497 -0.827969 -0.069123 -0.123264 -0.000000 -0.992374 0.821655 0.560774 -0.102058
-0.012511 0.552545 -0.018472
0.000000 0.000000 0.000000
-0.012511 0.552545 -0.018472
0.000000 0.000000 0.000000
1029897352
1029903104
Locator 11
1029897352
0 1 0 1 1 2 0.110000 0
1029896944 0 957378880 817137576 0 0
1.000000 1.000000 1.000000
1.000000 1.000000 1.000000
0.000000 0.000000 0.000000
0.000000 0.000000 0.000000
-0.540811 0.830037 0.136242 -0.084195 0.107741 -0.990608 -0.836920 -0.547202 0.011617
-0.540811 0.830037 0.136242 -0.084195 0.107741 -0.990608 -0.836920 -0.547202 0.011617
0.556489 -0.827969 -0.069119 -0.123273 -0.000003 -0.992374 0.821655 0.560782 -0.102049
-0.540811 -0.084195 -0.836920 0.830037 0.107741 -0.547202 0.136242 -0.990608 0.011617
-0.012511 0.552545 -0.018472
0.000000 0.000000 0.000000
-0.012511 0.552545 -0.018472
0.000000 0.000000 0.000000
1029897760
1029843384
1029842808
Locator 12
1029897760
1 1 0 1 1 0 0.110000 0
1029897352 0 957378880 817137576 0 0
1.000000 1.000000 1.000000
1.000000 1.000000 1.000000
0.000000 0.000000 0.000000
0.000000 0.000000 0.000000
-0.540811 0.830037 0.136242 -0.084195 0.107741 -0.990608 -0.836920 -0.547202 0.011617
-0.540811 0.830037 0.136242 -0.084195 0.107741 -0.990608 -0.836920 -0.547202 0.011617
-0.540814 -0.084203 -0.836923 0.830034 0.107741 -0.547199 0.136239 -0.990620 0.011613
-0.540811 -0.084195 -0.836920 0.830037 0.107741 -0.547202 0.136242 -0.990608 0.011617
-0.231273 0.409513 -0.015436
0.000000 0.000000 0.000000
-0.231273 0.409513 -0.015436
0.000000 0.000000 0.000000
1029898168
IK A 59
1029898168
2 2 0 1 1 0 0.110000 0
1029897760 0 957378880 0 957411168 1029886672
1.000000 1.000000 1.000000
1.000000 1.000000 1.000000
0.000000 0.000000 0.000000
0.000000 0.000000 0.000000
0.859864 -0.271274 0.432486 -0.359347 0.280138 0.890164 -0.362634 -0.920833 0.143399
0.859864 -0.271274 0.432486 -0.359347 0.280138 0.890164 -0.362634 -0.920833 0.143399
-0.534927 -0.083431 -0.840769 0.123366 -0.992161 0.019963 -0.835843 -0.093043 0.541025
0.999975 0.000109 0.007072 0.007073 -0.015422 -0.999856 0.000000 0.999881 -0.015423
-0.231273 0.409513 -0.015436
0.000000 0.000000 0.000000
-0.231273 0.409513 -0.015436
0.000000 0.000000 0.000000
1029898576
1029900248
Locator 13
1029898576
0 1 1 1 1 2 0.110000 0
1029898168 0 957378880 817138936 0 0
1.000000 1.000000 1.000000
1.000000 1.000000 1.000000
0.000000 0.000000 0.000000
0.000000 0.000000 0.000000
-0.134875 0.466633 0.875220 -0.902694 0.308236 -0.303449 -0.410574 -0.829369 0.378915
-0.134875 0.466633 0.875220 -0.902694 0.308236 -0.303449 -0.410574 -0.829369 0.378915
0.999976 0.000110 0.007072 0.007073 -0.015421 -0.999855 0.000002 0.999885 -0.015423
0.133110 -0.990038 0.045896 0.264322 -0.009170 -0.964391 0.955205 0.140501 0.260468
-0.231273 0.409513 -0.015436
0.000000 0.000000 0.000000
-0.231273 0.409513 -0.015436
0.000000 0.000000 0.000000
1029898984
1029843256
1029842552
Locator 14
1029898984
1 1 0 1 1 0 0.110000 0
1029898576 0 957378880 817138936 0 0
1.000000 1.000000 1.000000
1.000000 1.000000 1.000000
0.000000 0.000000 0.000000
0.000000 0.000000 0.000000
-0.134875 0.466633 0.875220 -0.902694 0.308236 -0.303449 -0.410574 -0.829369 0.378915
-0.134875 0.466633 0.875220 -0.902694 0.308236 -0.303449 -0.410574 -0.829369 0.378915
0.133108 -0.990038 0.045896 0.264321 -0.009170 -0.964391 0.955205 0.140503 0.260469
0.133110 -0.990038 0.045896 0.264322 -0.009170 -0.964391 0.955205 0.140501 0.260468
-0.599041 -0.333387 0.323974
0.000000 0.000000 0.000000
-0.190014 -0.457434 0.218714
0.000000 0.000000 0.000000
1029899392
Locator 15
1029899392
0 1 0 1 1 2 0.110000 0
1029898984 0 957378880 817139072 0 0
1.000000 1.000000 1.000000
1.000000 1.000000 1.000000
0.000000 0.000000 0.000000
0.000000 0.000000 0.000000
0.334264 0.051442 -0.942109 0.902694 -0.308236 0.303449 -0.274248 -0.950018 -0.149178
0.334264 0.051442 -0.942109 0.902694 -0.308236 0.303449 -0.274248 -0.950018 -0.149178
0.133108 -0.990038 0.045896 0.264321 -0.009170 -0.964391 0.955205 0.140503 0.260469
-0.135043 0.990038 -0.039851 0.344272 0.009170 -0.938825 -0.929107 -0.140501 -0.342080
-0.599041 -0.333387 0.323974
0.000000 0.000000 0.000000
-0.190014 -0.457434 0.218714
0.000000 0.000000 0.000000
1029899840
1029844344
1029842872
Locator 16
1029899840
1 0 0 1 1 0 0.110000 0
1029899392 0 957378880 817139072 0 0
1.000000 1.000000 1.000000
1.000000 1.000000 1.000000
0.000000 0.000000 0.000000
0.000000 0.000000 0.000000
0.334264 0.051442 -0.942109 0.902694 -0.308236 0.303449 -0.274248 -0.950018 -0.149178
0.334264 0.051442 -0.942109 0.902694 -0.308236 0.303449 -0.274248 -0.950018 -0.149178
-0.135043 0.990036 -0.039851 0.344271 0.009170 -0.938824 -0.929108 -0.140501 -0.342076
-0.135043 0.990038 -0.039851 0.344272 0.009170 -0.938825 -0.929107 -0.140501 -0.342080
-0.805539 -1.048713 0.211649
0.000000 0.000000 0.000000
-0.220124 -1.166778 -0.039750
0.000000 0.000000 0.000000
IK B 60
1029900248
5 1 0 1 1 0 0.110000 0
1029898168 0 957378880 0 957411168 1029885872
1.000000 1.000000 1.000000
1.000000 1.000000 1.000000
0.000000 0.000000 0.000000
0.000000 0.000000 0.000000
0.859864 -0.271274 0.432486 -0.359347 0.280138 0.890164 -0.362634 -0.920833 0.143399
0.859864 -0.271274 0.432486 -0.359347 0.280138 0.890164 -0.362634 -0.920833 0.143399
1.000000 -0.000000 0.000000 -0.000000 1.000000 0.000000 0.000000 0.000000 1.000000
0.999975 0.000109 0.007072 0.007073 -0.015422 -0.999856 0.000000 0.999881 -0.015423
-0.805539 -1.048713 0.211649
0.000000 0.000000 0.000000
-0.220124 -1.166778 -0.039750
0.000000 0.000000 0.000000
1029902696
Locator 17
1029902696
0 1 0 1 1 2 0.110000 0
1029900248 0 957378880 1029884656 0 0
1.000000 1.000000 1.000000
1.000000 1.000000 1.000000
0.000000 0.000000 0.000000
0.000000 0.000000 0.000000
-0.042216 0.766422 0.640950 -0.843915 0.316047 -0.433500 -0.534814 -0.559207 0.633452
-0.042216 0.766422 0.640950 -0.843915 0.316047 -0.433500 -0.534814 -0.559207 0.633452
0.999974 0.000110 0.007072 0.007073 -0.015421 -0.999854 0.000001 0.999884 -0.015422
0.028845 -0.999178 -0.028488 0.586329 0.039994 -0.809085 0.809560 0.006635 0.587000
-0.805539 -1.048713 0.211649
0.000000 0.000000 0.000000
-0.220124 -1.166778 -0.039750
0.000000 0.000000 0.000000
1029901880
1029843192
1029842936
Locator 18
1029901880
1 1 0 1 1 0 0.110000 0
1029902696 0 957378880 1029884656 0 0
1.000000 1.000000 1.000000
1.000000 1.000000 1.000000
0.000000 0.000000 0.000000
0.000000 0.000000 0.000000
-0.042216 0.766422 0.640950 -0.843915 0.316047 -0.433500 -0.534814 -0.559207 0.633452
-0.042216 0.766422 0.640950 -0.843915 0.316047 -0.433500 -0.534814 -0.559207 0.633452
0.028848 -0.999181 -0.028497 0.586337 0.039985 -0.809076 0.809572 0.006638 0.586995
0.028845 -0.999178 -0.028488 0.586329 0.039994 -0.809085 0.809560 0.006635 0.587000
-0.942457 -1.191876 0.373820
0.000000 0.000000 0.000000
-0.227417 -1.373913 0.110528
0.000000 0.000000 0.000000
1029902288
Locator 19
1029902288
0 1 0 1 1 1 0.110000 0
1029901880 0 957378880 1029883704 0 0
1.000000 1.000000 1.000000
1.000000 1.000000 1.000000
0.000000 0.000000 0.000000
0.000000 0.000000 0.000000
0.287862 0.929556 0.230352 -0.844946 0.359740 -0.395796 -0.450782 -0.080698 0.888979
0.287862 0.929556 0.230352 -0.844946 0.359740 -0.395796 -0.450782 -0.080698 0.888979
0.028848 -0.999181 -0.028497 0.586337 0.039985 -0.809076 0.809572 0.006638 0.586995
0.088460 -0.995849 0.021436 0.922277 0.073757 -0.379426 0.376270 0.053334 0.924974
-0.942457 -1.191876 0.373820
0.000000 0.000000 0.000000
-0.227417 -1.373913 0.110528
0.000000 0.000000 0.000000
1029900656
1029844280
Locator 20
1029900656
1 0 0 1 1 0 0.110000 0
1029902288 0 957378880 1029883704 0 0
1.000000 1.000000 1.000000
1.000000 1.000000 1.000000
0.000000 0.000000 0.000000
0.000000 0.000000 0.000000
0.287862 0.929556 0.230352 -0.844946 0.359740 -0.395796 -0.450782 -0.080698 0.888979
0.287862 0.929556 0.230352 -0.844946 0.359740 -0.395796 -0.450782 -0.080698 0.888979
0.088463 -0.995849 0.021433 0.922265 0.073753 -0.379426 0.376271 0.053334 0.924983
0.088460 -0.995849 0.021436 0.922277 0.073757 -0.379426 0.376270 0.053334 0.924974
-1.036930 -1.208789 0.560127
0.000000 0.000000 0.000000
-0.222924 -1.453431 0.304379
0.000000 0.000000 0.000000
Locator 21
1029903104
0 1 0 1 1 2 0.110000 0
1029896944 0 957378880 1029884112 0 0
1.000000 1.000000 1.000000
1.000000 1.000000 1.000000
0.000000 0.000000 0.000000
0.000000 0.000000 0.000000
0.450366 0.860098 0.239585 -0.360065 -0.070589 0.930253 0.817021 -0.505221 0.277900
0.450366 0.860098 0.239585 -0.360065 -0.070589 0.930253 0.817021 -0.505221 0.277900
0.556489 -0.827969 -0.069119 -0.123273 -0.000003 -0.992374 0.821655 0.560782 -0.102049
0.450366 -0.360065 0.817021 0.860098 -0.070589 -0.505221 0.239585 0.930253 0.277900
-0.012511 0.552545 -0.018472
0.000000 0.000000 0.000000
-0.012511 0.552545 -0.018472
0.000000 0.000000 0.000000
1029901064
1029842424
1029843128
Locator 22
1029901064
1 1 0 1 1 0 0.110000 0
1029903104 0 957378880 1029884112 0 0
1.000000 1.000000 1.000000
1.000000 1.000000 1.000000
0.000000 0.000000 0.000000
0.000000 0.000000 0.000000
0.450366 0.860098 0.239585 -0.360065 -0.070589 0.930253 0.817021 -0.505221 0.277900
0.450366 0.860098 0.239585 -0.360065 -0.070589 0.930253 0.817021 -0.505221 0.277900
0.450355 -0.360068 0.817021 0.860090 -0.070586 -0.505224 0.239582 0.930256 0.277896
0.450366 -0.360065 0.817021 0.860098 -0.070589 -0.505221 0.239585 0.930253 0.277900
0.222653 0.407127 0.061516
0.000000 0.000000 0.000000
0.222653 0.407127 0.061516
0.000000 0.000000 0.000000
1029901472
IK A 57
1029901472
2 2 0 1 1 0 0.110000 0
1029901064 0 957378880 0 957410880 1029886712
1.000000 1.000000 1.000000
1.000000 1.000000 1.000000
0.000000 0.000000 0.000000
0.000000 0.000000 0.000000
0.999949 -0.010127 0.000000 -0.000666 -0.065795 0.997833 -0.010105 -0.997782 -0.065799
0.999949 -0.010127 0.000000 -0.000666 -0.065795 0.997833 -0.010105 -0.997782 -0.065799
0.441633 -0.359332 0.822095 0.182175 0.933121 0.309995 -0.878505 0.012861 0.477559
0.999949 -0.000666 -0.010105 -0.010127 -0.065795 -0.997782 0.000000 0.997833 -0.065799
0.222653 0.407127 0.061516
0.000000 0.000000 0.000000
0.222653 0.407127 0.061516
0.000000 0.000000 0.000000
1029903944
1029911696
Locator 23
1029903944
0 1 1 1 1 2 0.110000 0
1029901472 0 957378880 1029883296 0 0
1.000000 1.000000 1.000000
1.000000 1.000000 1.000000
0.000000 0.000000 0.000000
0.000000 0.000000 0.000000
-0.014972 0.196195 0.980450 -0.999783 0.011281 -0.017524 -0.014498 -0.980500 0.195984
-0.014972 0.196195 0.980450 -0.999783 0.011281 -0.017524 -0.014498 -0.980500 0.195984
0.999947 -0.000667 -0.010103 -0.010128 -0.065796 -0.997781 -0.000001 0.997833 -0.065800
-0.014972 -0.999783 -0.014498 0.196195 0.011281 -0.980500 0.980451 -0.017524 0.195984
0.222653 0.407127 0.061516
0.000000 0.000000 0.000000
0.222653 0.407127 0.061516
0.000000 0.000000 0.000000
1029906392
1029843000
1029860512
Locator 24
1029906392
1 1 0 1 1 0 0.110000 0
1029903944 0 957378880 1029883296 0 0
1.000000 1.000000 1.000000
1.000000 1.000000 1.000000
0.000000 0.000000 0.000000
0.000000 0.000000 0.000000
-0.014972 0.196195 0.980450 -0.999783 0.011281 -0.017524 -0.014498 -0.980500 0.195984
-0.014972 0.196195 0.980450 -0.999783 0.011281 -0.017524 -0.014498 -0.980500 0.195984
-0.014971 -0.999782 -0.014499 0.196196 0.011281 -0.980500 0.980450 -0.017525 0.195983
-0.014972 -0.999783 -0.014498 0.196195 0.011281 -0.980500 0.980451 -0.017524 0.195984
0.209812 -0.461292 0.235097
0.000000 0.000000 0.000000
0.209812 -0.461292 0.235097
0.000000 0.000000 0.000000
1029907616
Locator 25
1029907616
0 1 0 1 1 2 0.110000 0
1029906392 0 957378880 1029884520 0 0
1.000000 1.000000 1.000000
1.000000 1.000000 1.000000
0.000000 0.000000 0.000000
0.000000 0.000000 0.000000
0.020474 0.374405 -0.927039 0.999783 -0.011281 0.017524 -0.003896 -0.927197 -0.374555
0.020474 0.374405 -0.927039 0.999783 -0.011281 0.017524 -0.003896 -0.927197 -0.374555
-0.014971 -0.999782 -0.014499 0.196196 0.011281 -0.980500 0.980450 -0.017525 0.195983
0.020474 0.999783 -0.003896 0.374405 -0.011281 -0.927197 -0.927039 0.017524 -0.374555
0.209812 -0.461292 0.235097
0.000000 0.000000 0.000000
0.209812 -0.461292 0.235097
0.000000 0.000000 0.000000
1029904760
1029843320
1029859872
Locator 26
1029904760
1 0 0 1 1 0 0.110000 0
1029907616 0 957378880 1029884520 0 0
1.000000 1.000000 1.000000
1.000000 1.000000 1.000000
0.000000 0.000000 0.000000
0.000000 0.000000 0.000000
0.020474 0.374405 -0.927039 0.999783 -0.011281 0.017524 -0.003896 -0.927197 -0.374555
0.020474 0.374405 -0.927039 0.999783 -0.011281 0.017524 -0.003896 -0.927197 -0.374555
0.020473 0.999783 -0.003896 0.374406 -0.011282 -0.927197 -0.927040 0.017525 -0.374553
0.020474 0.999783 -0.003896 0.374405 -0.011281 -0.927197 -0.927039 0.017524 -0.374555
0.206942 -1.144238 -0.040789
0.000000 0.000000 0.000000
0.206942 -1.144238 -0.040789
0.000000 0.000000 0.000000
IK B 58
1029911696
5 1 0 1 1 0 0.110000 0
1029901472 0 957378880 0 957410880 1029886192
1.000000 1.000000 1.000000
1.000000 1.000000 1.000000
0.000000 0.000000 0.000000
0.000000 0.000000 0.000000
0.999949 -0.010127 0.000000 -0.000666 -0.065795 0.997833 -0.010105 -0.997782 -0.065799
0.999949 -0.010127 0.000000 -0.000666 -0.065795 0.997833 -0.010105 -0.997782 -0.065799
1.000000 -0.000000 -0.000000 -0.000000 1.000000 0.000000 -0.000000 0.000000 1.000000
0.999949 -0.000666 -0.010105 -0.010127 -0.065795 -0.997782 0.000000 0.997833 -0.065799
0.206942 -1.144238 -0.040789
0.000000 0.000000 0.000000
0.206942 -1.144238 -0.040789
0.000000 0.000000 0.000000
1029909656
Locator 27
1029909656
0 1 0 1 1 2 0.110000 0
1029911696 0 957378880 1029882888 0 0
1.000000 1.000000 1.000000
1.000000 1.000000 1.000000
0.000000 0.000000 0.000000
0.000000 0.000000 0.000000
0.029764 0.662841 0.748169 -0.998257 -0.018452 0.056061 0.050964 -0.748533 0.661136
0.029764 0.662841 0.748169 -0.998257 -0.018452 0.056061 0.050964 -0.748533 0.661136
0.999949 -0.000665 -0.010104 -0.010127 -0.065797 -0.997781 0.000000 0.997833 -0.065798
0.029764 -0.998257 0.050964 0.662841 -0.018452 -0.748533 0.748169 0.056061 0.661136
0.206942 -1.144238 -0.040789
0.000000 0.000000 0.000000
0.206942 -1.144238 -0.040789
0.000000 0.000000 0.000000
1029911288
1029842488
1029858912
Locator 28
1029911288
1 1 0 1 1 0 0.110000 0
1029909656 0 957378880 1029882888 0 0
1.000000 1.000000 1.000000
1.000000 1.000000 1.000000
0.000000 0.000000 0.000000
0.000000 0.000000 0.000000
0.029764 0.662841 0.748169 -0.998257 -0.018452 0.056061 0.050964 -0.748533 0.661136
0.029764 0.662841 0.748169 -0.998257 -0.018452 0.056061 0.050964 -0.748533 0.661136
0.029761 -0.998260 0.050955 0.662850 -0.018455 -0.748533 0.748178 0.056070 0.661135
0.029764 -0.998257 0.050964 0.662841 -0.018452 -0.748533 0.748169 0.056061 0.661136
0.217816 -1.303950 0.100276
0.000000 0.000000 0.000000
0.217816 -1.303950 0.100276
0.000000 0.000000 0.000000
1029908024
Locator 29
1029908024
0 1 0 1 1 2 0.110000 0
1029911288 0 957378880 1029883432 0 0
1.000000 1.000000 1.000000
1.000000 1.000000 1.000000
0.000000 0.000000 0.000000
0.000000 0.000000 0.000000
0.003401 0.786935 0.617028 -0.998618 -0.029687 0.043368 0.052444 -0.616322 0.785746
0.003401 0.786935 0.617028 -0.998618 -0.029687 0.043368 0.052444 -0.616322 0.785746
0.029761 -0.998260 0.050955 0.662850 -0.018455 -0.748533 0.748178 0.056070 0.661135
0.003401 -0.998618 0.052445 0.786934 -0.029687 -0.616322 0.617027 0.043367 0.785746
0.217816 -1.303950 0.100276
0.000000 0.000000 0.000000
0.217816 -1.303950 0.100276
0.000000 0.000000 0.000000
1029910064
1029844152
1029860768
Locator 30
1029910064
1 0 0 1 1 0 0.110000 0
1029908024 0 957378880 1029883432 0 0
1.000000 1.000000 1.000000
1.000000 1.000000 1.000000
0.000000 0.000000 0.000000
0.000000 0.000000 0.000000
0.003401 0.786935 0.617028 -0.998618 -0.029687 0.043368 0.052444 -0.616322 0.785746
0.003401 0.786935 0.617028 -0.998618 -0.029687 0.043368 0.052444 -0.616322 0.785746
0.003393 -0.998618 0.052448 0.786924 -0.029678 -0.616323 0.617021 0.043367 0.785746
0.003401 -0.998618 0.052445 0.786934 -0.029687 -0.616322 0.617027 0.043367 0.785746
0.229873 -1.445639 0.280914
0.000000 0.000000 0.000000
0.229873 -1.445639 0.280914
0.000000 0.000000 0.000000
Locator 31
1029910880
0 1 0 1 1 2 0.110000 0
1029896536 0 957378880 1029882344 0 0
1.000000 1.000000 1.000000
1.000000 1.000000 1.000000
0.000000 0.000000 0.000000
0.000000 0.000000 0.000000
-1.000000 -0.000000 0.000000 0.000000 -0.062378 0.998053 0.000000 0.998053 0.062378
-1.000000 -0.000000 0.000000 0.000000 -0.062378 0.998053 0.000000 0.998053 0.062378
0.556489 -0.827969 -0.069119 -0.123273 -0.000003 -0.992374 0.821655 0.560782 -0.102049
-1.000000 0.000000 0.000000 -0.000000 -0.062378 0.998053 0.000000 0.998053 0.062378
0.000000 0.732163 0.000000
0.000000 0.000000 0.000000
0.000000 0.732163 0.000000
0.000000 0.000000 0.000000
1029904352
1029842616
1029860000
Locator 32
1029904352
1 1 0 1 1 0 0.110000 0
1029910880 0 957378880 1029882344 0 0
1.000000 1.000000 1.000000
1.000000 1.000000 1.000000
0.000000 0.000000 0.000000
0.000000 0.000000 0.000000
-1.000000 -0.000000 0.000000 0.000000 -0.062378 0.998053 0.000000 0.998053 0.062378
-1.000000 -0.000000 0.000000 0.000000 -0.062378 0.998053 0.000000 0.998053 0.062378
-1.000000 0.000000 0.000000 0.000000 -0.062378 0.998062 0.000000 0.998062 0.062378
-1.000000 0.000000 0.000000 -0.000000 -0.062378 0.998053 0.000000 0.998053 0.062378
0.000000 0.971331 0.014948
0.000000 0.000000 0.000000
0.000000 0.971331 0.014948
0.000000 0.000000 0.000000
1029908432
Locator 33
1029908432
0 1 0 1 1 2 0.110000 0
1029904352 0 957378880 1029883024 0 0
1.000000 1.000000 1.000000
1.000000 1.000000 1.000000
0.000000 0.000000 0.000000
0.000000 0.000000 0.000000
0.000000 -0.088927 0.996038 1.000000 0.000000 -0.000000 0.000000 0.996038 0.088932
0.000000 -0.088927 0.996038 1.000000 0.000000 -0.000000 0.000000 0.996038 0.088932
-1.000000 0.000000 0.000000 0.000000 -0.062378 0.998062 0.000000 0.998062 0.062378
0.000000 1.000000 0.000000 -0.088927 0.000000 0.996038 0.996038 -0.000000 0.088932
0.000000 0.971331 0.014948
0.000000 0.000000 0.000000
0.000000 0.971331 0.014948
0.000000 0.000000 0.000000
1029908840
1029843704
1029860704
Locator 34
1029908840
1 1 0 1 1 0 0.110000 0
1029908432 0 957378880 1029883024 0 0
1.000000 1.000000 1.000000
1.000000 1.000000 1.000000
0.000000 0.000000 0.000000
0.000000 0.000000 0.000000
0.000000 -0.088927 0.996038 1.000000 0.000000 -0.000000 0.000000 0.996038 0.088932
0.000000 -0.088927 0.996038 1.000000 0.000000 -0.000000 0.000000 0.996038 0.088932
0.000000 1.000000 0.000000 -0.088863 0.000000 0.996040 0.996042 0.000000 0.088996
0.000000 1.000000 0.000000 -0.088927 0.000000 0.996038 0.996038 -0.000000 0.088932
0.000000 1.250360 0.039861
0.000000 0.000000 0.000000
0.000000 1.250360 0.039861
0.000000 0.000000 0.000000
1029909248
Locator 35
1029909248
0 1 0 1 1 1 0.110000 0
1029908840 0 957378880 1029883568 0 0
1.000000 1.000000 1.000000
1.000000 1.000000 1.000000
0.000000 0.000000 0.000000
0.000000 0.000000 0.000000
0.000000 -0.097888 -0.995197 -1.000000 0.000000 -0.000000 0.000000 0.995197 -0.097888
0.000000 -0.097888 -0.995197 -1.000000 0.000000 -0.000000 0.000000 0.995197 -0.097888
0.000000 1.000000 0.000000 -0.088863 0.000000 0.996040 0.996042 0.000000 0.088996
0.000000 -1.000000 0.000000 -0.097888 0.000000 0.995197 -0.995197 -0.000000 -0.097888
0.000000 1.250360 0.039861
0.000000 0.000000 0.000000
0.000000 1.250360 0.039861
0.000000 0.000000 0.000000
1029905984
1029843768
Locator 36
1029905984
1 3 0 1 1 0 0.110000 0
1029909248 0 957378880 1029883568 0 0
1.000000 1.000000 1.000000
1.000000 1.000000 1.000000
0.000000 0.000000 0.000000
0.000000 0.000000 0.000000
0.000000 -0.097888 -0.995197 -1.000000 0.000000 -0.000000 0.000000 0.995197 -0.097888
0.000000 -0.097888 -0.995197 -1.000000 0.000000 -0.000000 0.000000 0.995197 -0.097888
0.000000 -1.000000 0.000000 -0.097887 0.000000 0.995186 -0.995187 0.000000 -0.097889
0.000000 -1.000000 0.000000 -0.097888 0.000000 0.995197 -0.995197 -0.000000 -0.097888
0.000000 1.554302 0.009965
0.000000 0.000000 0.000000
0.000000 1.554302 0.009965
0.000000 0.000000 0.000000
1029905576
1029905168
1029927896
Locator 37
1029905576
0 1 0 1 1 2 0.110000 0
1029905984 0 957378880 1029882072 0 0
1.000000 1.000000 1.000000
1.000000 1.000000 1.000000
0.000000 0.000000 0.000000
0.000000 0.000000 0.000000
0.000000 -0.267644 0.963518 1.000000 0.000000 -0.000000 0.000000 0.963518 0.267644
0.000000 -0.267644 0.963518 1.000000 0.000000 -0.000000 0.000000 0.963518 0.267644
0.000000 -1.000000 0.000000 -0.097887 0.000000 0.995186 -0.995187 0.000000 -0.097889
0.000000 1.000000 0.000000 -0.267644 0.000000 0.963518 0.963518 -0.000000 0.267644
0.000000 1.554302 0.009965
0.000000 0.000000 0.000000
0.000000 1.554302 0.009965
0.000000 0.000000 0.000000
1029910472
1029843640
1029859168
Locator 38
1029910472
1 1 0 1 1 0 0.110000 0
1029905576 0 957378880 1029882072 0 0
1.000000 1.000000 1.000000
1.000000 1.000000 1.000000
0.000000 0.000000 0.000000
0.000000 0.000000 0.000000
0.000000 -0.267644 0.963518 1.000000 0.000000 -0.000000 0.000000 0.963518 0.267644
0.000000 -0.267644 0.963518 1.000000 0.000000 -0.000000 0.000000 0.963518 0.267644
0.000000 1.000000 0.000000 -0.267644 0.000000 0.963521 0.963521 0.000000 0.267644
0.000000 1.000000 0.000000 -0.267644 0.000000 0.963518 0.963518 -0.000000 0.267644
0.000000 1.733678 0.059792
0.000000 0.000000 0.000000
0.000000 1.733678 0.059792
0.000000 0.000000 0.000000
1029906800
Locator 39
1029906800
0 1 0 1 1 1 0.110000 0
1029910472 0 957378880 1029884248 0 0
1.000000 1.000000 1.000000
1.000000 1.000000 1.000000
0.000000 0.000000 0.000000
0.000000 0.000000 0.000000
0.000000 0.094176 -0.995556 -1.000000 0.000000 0.000000 0.000000 0.995556 0.094174
0.000000 0.094176 -0.995556 -1.000000 0.000000 0.000000 0.000000 0.995556 0.094174
0.000000 1.000000 0.000000 -0.267644 0.000000 0.963521 0.963521 0.000000 0.267644
0.000000 -1.000000 0.000000 0.094176 0.000000 0.995556 -0.995556 0.000000 0.094174
0.000000 1.733678 0.059792
0.000000 0.000000 0.000000
0.000000 1.733678 0.059792
0.000000 0.000000 0.000000
1029907208
1029843448
Locator 40
1029907208
1 0 0 1 1 0 0.110000 0
1029906800 0 957378880 1029884248 0 0
1.000000 1.000000 1.000000
1.000000 1.000000 1.000000
0.000000 0.000000 0.000000
0.000000 0.000000 0.000000
0.000000 0.094176 -0.995556 -1.000000 0.000000 0.000000 0.000000 0.995556 0.094174
0.000000 0.094176 -0.995556 -1.000000 0.000000 0.000000 0.000000 0.995556 0.094174
0.000000 -1.000000 0.000000 0.094201 0.000000 0.995565 -0.995565 0.000000 0.094149
0.000000 -1.000000 0.000000 0.094176 0.000000 0.995556 -0.995556 0.000000 0.094174
0.000000 2.102395 0.094671
0.000000 0.000000 0.000000
0.000000 2.102395 0.094671
0.000000 0.000000 0.000000
Locator 41
1029905168
0 1 0 1 1 2 0.110000 0
1029905984 0 957378880 1029881800 0 0
1.000000 1.000000 1.000000
1.000000 1.000000 1.000000
0.000000 0.000000 0.000000
0.000000 0.000000 0.000000
0.350870 -0.930570 0.104544 -0.036884 0.097822 0.994520 -0.935697 -0.352804 0.000000
0.350870 -0.930570 0.104544 -0.036884 0.097822 0.994520 -0.935697 -0.352804 0.000000
0.000000 -1.000000 0.000000 -0.097887 0.000000 0.995186 -0.995187 0.000000 -0.097889
0.350870 -0.036884 -0.935697 -0.930570 0.097822 -0.352804 0.104544 0.994520 0.000000
0.000000 1.554302 0.009965
0.000000 0.000000 0.000000
0.000000 1.554302 0.009965
0.000000 0.000000 0.000000
1029925448
1029843512
1029859936
Locator 42
1029925448
1 1 0 1 1 0 0.110000 0
1029905168 0 957378880 1029881800 0 0
1.000000 1.000000 1.000000
1.000000 1.000000 1.000000
0.000000 0.000000 0.000000
0.000000 0.000000 0.000000
0.350870 -0.930570 0.104544 -0.036884 0.097822 0.994520 -0.935697 -0.352804 0.000000
0.350870 -0.930570 0.104544 -0.036884 0.097822 0.994520 -0.935697 -0.352804 0.000000
0.350861 -0.036888 -0.935688 -0.930571 0.097826 -0.352812 0.104535 0.994516 0.000003
0.350870 -0.036884 -0.935697 -0.930570 0.097822 -0.352804 0.104544 0.994520 0.000000
-0.303942 1.439701 0.009965
0.000000 0.000000 0.000000
-0.303942 1.439701 0.009965
0.000000 0.000000 0.000000
1029926264
IK A 63
1029926264
2 2 0 1 1 0 0.110000 0
1029925448 0 957378880 0 957411744 0
1.000000 1.000000 1.000000
1.000000 1.000000 1.000000
0.000000 0.000000 0.000000
0.000000 0.000000 0.000000
0.984977 -0.164449 0.052705 -0.064010 -0.064216 0.995881 -0.160387 -0.984293 -0.073778
0.984977 -0.164449 0.052705 -0.064010 -0.064216 0.995881 -0.160387 -0.984293 -0.073778
0.504140 0.000000 -0.863621 0.141412 0.986503 0.082550 0.851966 -0.163743 0.497336
0.984977 -0.064010 -0.160387 -0.164449 -0.064216 -0.984293 0.052705 0.995881 -0.073778
-0.303942 1.439701 0.009965
0.000000 0.000000 0.000000
-0.303942 1.439701 0.009965
0.000000 0.000000 0.000000
1029927488
1029926672
Locator 43
1029927488
0 1 1 1 1 2 0.110000 0
1029926264 0 957378880 1029884928 0 0
1.000000 1.000000 1.000000
1.000000 1.000000 1.000000
0.000000 0.000000 0.000000
0.000000 0.000000 0.000000
-0.682988 0.389220 -0.618090 0.654326 -0.050062 -0.754553 -0.324630 -0.919783 -0.220485
-0.682988 0.389220 -0.618090 0.654326 -0.050062 -0.754553 -0.324630 -0.919783 -0.220485
0.984976 -0.064011 -0.160387 -0.164448 -0.064215 -0.984294 0.052704 0.995878 -0.073778
-0.682988 0.654326 -0.324630 0.389220 -0.050062 -0.919783 -0.618090 -0.754553 -0.220485
-0.303942 1.439701 0.009965
0.000000 0.000000 0.000000
-0.303942 1.439701 0.009965
0.000000 0.000000 0.000000
1029929120
1029843064
1029860064
Locator 44
1029929120
1 1 0 1 1 0 0.110000 0
1029927488 0 957378880 1029884928 0 0
1.000000 1.000000 1.000000
1.000000 1.000000 1.000000
0.000000 0.000000 0.000000
0.000000 0.000000 0.000000
-0.682988 0.389220 -0.618090 0.654326 -0.050062 -0.754553 -0.324630 -0.919783 -0.220485
-0.682988 0.389220 -0.618090 0.654326 -0.050062 -0.754553 -0.324630 -0.919783 -0.220485
-0.682987 0.654328 -0.324632 0.389218 -0.050063 -0.919784 -0.618089 -0.754550 -0.220486
-0.682988 0.654326 -0.324630 0.389220 -0.050062 -0.919783 -0.618090 -0.754553 -0.220485
-0.513214 0.846765 -0.132170
0.000000 0.000000 0.000000
-0.513214 0.846765 -0.132170
0.000000 0.000000 0.000000
1029924632
Locator 45
1029924632
0 1 0 1 1 2 0.110000 0
1029929120 0 957378880 1029884792 0 0
1.000000 1.000000 1.000000
1.000000 1.000000 1.000000
0.000000 0.000000 0.000000
0.000000 0.000000 0.000000
0.756212 0.043317 0.652891 -0.654326 0.050062 0.754553 0.000000 -0.997806 0.066201
0.756212 0.043317 0.652891 -0.654326 0.050062 0.754553 0.000000 -0.997806 0.066201
-0.682987 0.654328 -0.324632 0.389218 -0.050063 -0.919784 -0.618089 -0.754550 -0.220486
0.756212 -0.654326 0.000000 0.043317 0.050062 -0.997806 0.652891 0.754553 0.066201
-0.513214 0.846765 -0.132170
0.000000 0.000000 0.000000
-0.513214 0.846765 -0.132170
0.000000 0.000000 0.000000
1029927080
1029842680
1029859680
Locator 46
1029927080
1 0 0 1 1 0 0.110000 0
1029924632 0 957378880 1029884792 0 0
1.000000 1.000000 1.000000
1.000000 1.000000 1.000000
0.000000 0.000000 0.000000
0.000000 0.000000 0.000000
0.756212 0.043317 0.652891 -0.654326 0.050062 0.754553 0.000000 -0.997806 0.066201
0.756212 0.043317 0.652891 -0.654326 0.050062 0.754553 0.000000 -0.997806 0.066201
0.756213 -0.654326 0.000000 0.043316 0.050061 -0.997805 0.652892 0.754554 0.066203
0.756212 -0.654326 0.000000 0.043317 0.050062 -0.997806 0.652891 0.754553 0.066201
-0.513214 0.155399 -0.086300
0.000000 0.000000 0.000000
-0.513214 0.155399 -0.086300
0.000000 0.000000 0.000000
IK B 64
1029926672
5 1 0 1 1 0 0.110000 0
1029926264 0 957378880 0 957411744 0
1.000000 1.000000 1.000000
1.000000 1.000000 1.000000
0.000000 0.000000 0.000000
0.000000 0.000000 0.000000
0.984977 -0.164449 0.052705 -0.064010 -0.064216 0.995881 -0.160387 -0.984293 -0.073778
0.984977 -0.164449 0.052705 -0.064010 -0.064216 0.995881 -0.160387 -0.984293 -0.073778
1.000000 0.000000 0.000000 0.000000 1.000000 0.000000 0.000000 0.000000 1.000000
0.984977 -0.064010 -0.160387 -0.164449 -0.064216 -0.984293 0.052705 0.995881 -0.073778
-0.513214 0.155399 -0.086300
0.000000 0.000000 0.000000
-0.513214 0.155399 -0.086300
0.000000 0.000000 0.000000
1029921368
Locator 47
1029921368
0 1 0 1 1 1 0.110000 0
1029926672 0 957378880 1029885064 0 0
1.000000 1.000000 1.000000
1.000000 1.000000 1.000000
0.000000 0.000000 0.000000
0.000000 0.000000 0.000000
0.045043 0.375345 -0.925790 0.998747 0.003313 0.049936 0.021810 -0.926879 -0.374726
0.045043 0.375345 -0.925790 0.998747 0.003313 0.049936 0.021810 -0.926879 -0.374726
0.984980 -0.064010 -0.160386 -0.164449 -0.064218 -0.984291 0.052707 0.995880 -0.073776
0.045043 0.998747 0.021810 0.375345 0.003313 -0.926879 -0.925790 0.049936 -0.374726
-0.513214 0.155399 -0.086300
0.000000 0.000000 0.000000
-0.513214 0.155399 -0.086300
0.000000 0.000000 0.000000
1029921776
1029843576
Locator 48
1029921776
1 0 0 1 1 0 0.110000 0
1029921368 0 957378880 1029885064 0 0
1.000000 1.000000 1.000000
1.000000 1.000000 1.000000
0.000000 0.000000 0.000000
0.000000 0.000000 0.000000
0.045043 0.375345 -0.925790 0.998747 0.003313 0.049936 0.021810 -0.926879 -0.374726
0.045043 0.375345 -0.925790 0.998747 0.003313 0.049936 0.021810 -0.926879 -0.374726
0.045042 0.998748 0.021807 0.375337 0.003316 -0.926876 -0.925791 0.049939 -0.374734
0.045043 0.998747 0.021810 0.375345 0.003313 -0.926879 -0.925790 0.049936 -0.374726
-0.508231 -0.056349 -0.171907
0.000000 0.000000 0.000000
-0.508231 -0.056349 -0.171907
0.000000 0.000000 0.000000
Locator 49
1029927896
0 1 0 1 1 2 0.110000 0
1029905984 0 957378880 1029882480 0 0
1.000000 1.000000 1.000000
1.000000 1.000000 1.000000
0.000000 0.000000 0.000000
0.000000 0.000000 0.000000
-0.314542 -0.943625 0.103128 -0.032612 -0.097836 -0.994668 0.948683 -0.316228 0.000000
-0.314542 -0.943625 0.103128 -0.032612 -0.097836 -0.994668 0.948683 -0.316228 0.000000
0.000000 -1.000000 0.000000 -0.097887 0.000000 0.995186 -0.995187 0.000000 -0.097889
-0.314542 -0.032612 0.948683 -0.943625 -0.097836 -0.316228 0.103128 -0.994668 0.000000
0.000000 1.554302 0.009965
0.000000 0.000000 0.000000
0.000000 1.554302 0.009965
0.000000 0.000000 0.000000
1029923816
1029844216
1029858976
Locator 50
1029923816
1 1 0 1 1 0 0.110000 0
1029927896 0 957378880 1029882480 0 0
1.000000 1.000000 1.000000
1.000000 1.000000 1.000000
0.000000 0.000000 0.000000
0.000000 0.000000 0.000000
-0.314542 -0.943625 0.103128 -0.032612 -0.097836 -0.994668 0.948683 -0.316228 0.000000
-0.314542 -0.943625 0.103128 -0.032612 -0.097836 -0.994668 0.948683 -0.316228 0.000000
-0.314542 -0.032612 0.948680 -0.943626 -0.097839 -0.316228 0.103125 -0.994667 -0.000000
-0.314542 -0.032612 0.948683 -0.943625 -0.097836 -0.316228 0.103128 -0.994668 0.000000
0.284012 1.459632 0.009965
0.000000 0.000000 0.000000
0.284012 1.459632 0.009965
0.000000 0.000000 0.000000
1029928304
IK A 61
1029928304
2 2 0 1 1 0 0.110000 0
1029923816 0 957378880 0 957411456 0
1.000000 1.000000 1.000000
1.000000 1.000000 1.000000
0.000000 0.000000 0.000000
0.000000 0.000000 0.000000
-0.981567 -0.184373 0.050318 -0.063204 0.064691 -0.995902 0.180363 -0.980725 -0.075151
-0.981567 -0.184373 0.050318 -0.063204 0.064691 -0.995902 0.180363 -0.980725 -0.075151
0.487913 -0.000000 -0.872892 -0.143869 0.986324 -0.080417 0.860955 0.164819 0.481240
-0.981567 -0.063204 0.180363 -0.184373 0.064691 -0.980725 0.050318 -0.995902 -0.075151
0.284012 1.459632 0.009965
0.000000 0.000000 0.000000
0.284012 1.459632 0.009965
0.000000 0.000000 0.000000
1029922184
1029928712
Locator 51
1029922184
0 1 1 1 1 2 0.110000 0
1029928304 0 957378880 1029885200 0 0
1.000000 1.000000 1.000000
1.000000 1.000000 1.000000
0.000000 0.000000 0.000000
0.000000 0.000000 0.000000
0.661770 0.387980 -0.641508 0.673751 0.067520 0.735867 0.328816 -0.919191 -0.216720
0.661770 0.387980 -0.641508 0.673751 0.067520 0.735867 0.328816 -0.919191 -0.216720
-0.981567 -0.063204 0.180362 -0.184374 0.064690 -0.980725 0.050317 -0.995901 -0.075152
0.661770 0.673751 0.328816 0.387980 0.067520 -0.919191 -0.641508 0.735867 -0.216720
0.284012 1.459632 0.009965
0.000000 0.000000 0.000000
0.284012 1.459632 0.009965
0.000000 0.000000 0.000000
1029925856
1029843832
1029859744
Locator 52
1029925856
1 1 0 1 1 0 0.110000 0
1029922184 0 957378880 1029885200 0 0
1.000000 1.000000 1.000000
1.000000 1.000000 1.000000
0.000000 0.000000 0.000000
0.000000 0.000000 0.000000
0.661770 0.387980 -0.641508 0.673751 0.067520 0.735867 0.328816 -0.919191 -0.216720
0.661770 0.387980 -0.641508 0.673751 0.067520 0.735867 0.328816 -0.919191 -0.216720
0.661769 0.673751 0.328815 0.387980 0.067521 -0.919191 -0.641509 0.735866 -0.216720
0.661770 0.673751 0.328816 0.387980 0.067520 -0.919191 -0.641508 0.735867 -0.216720
0.503249 0.846765 -0.134532
0.000000 0.000000 0.000000
0.503249 0.846765 -0.134532
0.000000 0.000000 0.000000
1029923408
Locator 53
1029923408
0 1 0 1 1 2 0.110000 0
1029925856 0 957378880 1029883840 0 0
1.000000 1.000000 1.000000
1.000000 1.000000 1.000000
0.000000 0.000000 0.000000
0.000000 0.000000 0.000000
-0.738392 0.022554 0.673994 -0.673751 -0.067520 -0.735867 0.028911 -0.997463 0.065052
-0.738392 0.022554 0.673994 -0.673751 -0.067520 -0.735867 0.028911 -0.997463 0.065052
0.661769 0.673751 0.328815 0.387980 0.067521 -0.919191 -0.641509 0.735866 -0.216720
-0.738392 -0.673751 0.028911 0.022554 -0.067520 -0.997463 0.673994 -0.735867 0.065052
0.503249 0.846765 -0.134532
0.000000 0.000000 0.000000
0.503249 0.846765 -0.134532
0.000000 0.000000 0.000000
1029924224
1029843896
1029859040
Locator 54
1029924224
1 0 0 1 1 0 0.110000 0
1029923408 0 957378880 1029883840 0 0
1.000000 1.000000 1.000000
1.000000 1.000000 1.000000
0.000000 0.000000 0.000000
0.000000 0.000000 0.000000
-0.738392 0.022554 0.673994 -0.673751 -0.067520 -0.735867 0.028911 -0.997463 0.065052
-0.738392 0.022554 0.673994 -0.673751 -0.067520 -0.735867 0.028911 -0.997463 0.065052
-0.738391 -0.673750 0.028912 0.022555 -0.067519 -0.997463 0.673994 -0.735867 0.065052
-0.738392 -0.673751 0.028911 0.022554 -0.067520 -0.997463 0.673994 -0.735867 0.065052
0.523179 0.159158 -0.089688
0.000000 0.000000 0.000000
0.523179 0.159158 -0.089688
0.000000 0.000000 0.000000
IK B 62
1029928712
3 1 0 1 1 0 0.110000 0
1029928304 0 957378880 0 957411456 0
1.000000 1.000000 1.000000
1.000000 1.000000 1.000000
0.000000 0.000000 0.000000
0.000000 0.000000 0.000000
-0.981567 -0.184373 0.050318 -0.063204 0.064691 -0.995902 0.180363 -0.980725 -0.075151
-0.981567 -0.184373 0.050318 -0.063204 0.064691 -0.995902 0.180363 -0.980725 -0.075151
1.000000 -0.000000 -0.000000 -0.000000 1.000000 0.000000 -0.000000 0.000000 1.000000
-0.981567 -0.063204 0.180363 -0.184373 0.064691 -0.980725 0.050318 -0.995902 -0.075151
0.523179 0.159158 -0.089688
0.000000 0.000000 0.000000
0.523179 0.159158 -0.089688
0.000000 0.000000 0.000000
1029925040
Locator 55
1029925040
0 1 0 1 1 1 0.110000 0
1029928712 0 957378880 1029882616 0 0
1.000000 1.000000 1.000000
1.000000 1.000000 1.000000
0.000000 0.000000 0.000000
0.000000 0.000000 0.000000
-0.296113 0.363148 -0.883426 0.948989 0.006948 -0.315232 -0.108338 -0.931705 -0.346681
-0.296113 0.363148 -0.883426 0.948989 0.006948 -0.315232 -0.108338 -0.931705 -0.346681
-0.981566 -0.063203 0.180364 -0.184372 0.064691 -0.980725 0.050317 -0.995901 -0.075151
-0.296113 0.948989 -0.108338 0.363148 0.006948 -0.931705 -0.883426 -0.315232 -0.346681
0.523179 0.159158 -0.089688
0.000000 0.000000 0.000000
0.523179 0.159158 -0.089688
0.000000 0.000000 0.000000
1029922592
1029843960
Locator 56
1029922592
1 0 0 1 1 0 0.110000 0
1029925040 0 957378880 1029882616 0 0
1.000000 1.000000 1.000000
1.000000 1.000000 1.000000
0.000000 0.000000 0.000000
0.000000 0.000000 0.000000
-0.296113 0.363148 -0.883426 0.948989 0.006948 -0.315232 -0.108338 -0.931705 -0.346681
-0.296113 0.363148 -0.883426 0.948989 0.006948 -0.315232 -0.108338 -0.931705 -0.346681
-0.296125 0.948986 -0.108339 0.363148 0.006947 -0.931693 -0.883434 -0.315223 -0.346681
-0.296113 0.948989 -0.108338 0.363148 0.006948 -0.931705 -0.883426 -0.315232 -0.346681
0.498266 -0.055097 -0.169410
0.000000 0.000000 0.000000
0.498266 -0.055097 -0.169410
0.000000 0.000000 0.000000
Object 65
1029923000
0 0 0 0 1 0 0.110000 0
785403328 958067368 0 0 0 0
1.000000 1.000000 1.000000
1.000000 1.000000 1.000000
0.000000 0.000000 0.000000
0.000000 0.000000 0.000000
1.000000 0.000000 0.000000 0.000000 1.000000 0.000000 0.000000 0.000000 1.000000
1.000000 0.000000 0.000000 0.000000 1.000000 0.000000 0.000000 0.000000 1.000000
1.000000 0.000000 0.000000 0.000000 1.000000 0.000000 0.000000 0.000000 1.000000
1.000000 0.000000 0.000000 0.000000 1.000000 0.000000 0.000000 0.000000 1.000000
0.000000 0.000000 0.000000
0.000000 0.000000 0.000000
0.000000 0.000000 0.000000
0.000000 0.000000 0.000000
Constraint 70
1071820712
0 1 0 1 1 0 0.220000 0
785403328 0 0 0 0 1029885872
1.000000 1.000000 1.000000
1.000000 1.000000 1.000000
0.000000 0.000000 0.000000
0.000000 0.000000 0.000000
1.000000 0.000000 0.000000 0.000000 1.000000 0.000000 0.000000 0.000000 1.000000
1.000000 0.000000 0.000000 0.000000 1.000000 0.000000 0.000000 0.000000 1.000000
1.000000 0.000000 0.000000 0.000000 1.000000 0.000000 0.000000 0.000000 1.000000
1.000000 0.000000 0.000000 0.000000 1.000000 0.000000 0.000000 0.000000 1.000000
-0.801145 -1.048713 0.209493
0.000000 0.000000 0.000000
-0.220124 -1.166778 -0.039750
0.000000 0.000000 0.000000
1071823976
Pole 71
1071823976
0 0 0 1 1 0 0.220000 0
1071820712 0 0 0 0 1029886672
1.000000 1.000000 1.000000
1.000000 1.000000 1.000000
0.000000 0.000000 0.000000
0.000000 0.000000 0.000000
1.000000 0.000000 0.000000 0.000000 1.000000 0.000000 0.000000 0.000000 1.000000
1.000000 0.000000 0.000000 0.000000 1.000000 0.000000 0.000000 0.000000 1.000000
1.000000 0.000000 0.000000 0.000000 1.000000 0.000000 0.000000 0.000000 1.000000
