Poses
1
Default 0
852256560
852815600
19
1
1.000000 1.000000 1.000000
1.000000 1.000000 1.000000
0.000000 0.000000 0.000000
1.000000 0.000000 0.000000 0.000000 1.000000 0.000000 0.000000 0.000000 1.000000
1.000000 0.000000 0.000000 0.000000 1.000000 0.000000 0.000000 0.000000 1.000000
1.000000 0.000000 0.000000 0.000000 1.000000 0.000000 0.000000 0.000000 1.000000
0.000000 0.000000 0.000000
0.000000 0.000000 0.000000
4
1
1.000000 1.000000 1.000000
1.000000 1.000000 1.000000
0.000000 0.000000 0.000000
0.699116 0.715008 0.000000 0.000000 0.000000 -1.000000 -0.715008 0.699116 0.000000
0.000000 0.001623 -0.999999 0.000000 0.999999 0.001623 1.000000 0.000000 0.000000
0.699116 0.000000 -0.715008 0.715008 0.000000 0.699116 0.000000 -1.000000 0.000000
0.000000 0.000000 0.000000
0.000000 0.000000 0.000000
0
1
1.000000 1.000000 1.000000
1.000000 1.000000 1.000000
0.000000 0.000000 0.000000
0.699116 0.715008 0.000000 0.000000 0.000000 -1.000000 -0.715008 0.699116 0.000000
0.699116 0.000000 -0.715008 0.715008 0.000000 0.699116 0.000000 -1.000000 0.000000
0.699116 0.000000 -0.715008 0.715008 0.000000 0.699116 0.000000 -1.000000 0.000000
-1.114156 1.089393 0.000000
0.000000 0.000000 0.000000
1
1
1.000000 1.000000 1.000000
1.000000 1.000000 1.000000
0.000000 0.000000 0.000000
0.726187 -0.687497 0.000000 0.000000 0.000000 1.000000 -0.687497 -0.726187 0.000000
0.699116 0.000000 -0.715008 0.715008 0.000000 0.699116 0.000000 -1.000000 0.000000
0.726187 0.000000 -0.687497 -0.687497 0.000000 -0.726187 0.000000 1.000000 0.000000
-1.114156 1.089393 0.000000
0.000000 0.000000 0.000000
0
1
1.000000 1.000000 1.000000
1.000000 1.000000 1.000000
0.000000 0.000000 0.000000
0.726187 -0.687497 0.000000 0.000000 0.000000 1.000000 -0.687497 -0.726187 0.000000
0.726187 0.000000 -0.687497 -0.687497 0.000000 -0.726187 0.000000 1.000000 0.000000
0.726187 0.000000 -0.687497 -0.687497 0.000000 -0.726187 0.000000 1.000000 0.000000
-2.142218 0.003476 0.000000
0.000000 0.000000 0.000000
1
1
1.000000 1.000000 1.000000
1.000000 1.000000 1.000000
0.000000 0.000000 0.000000
0.727420 0.686193 0.000000 -0.000000 0.000000 -1.000000 -0.686193 0.727420 0.000000
0.000000 -0.023419 -0.999726 0.000000 0.999726 -0.023419 1.000000 0.000000 0.000000
0.727420 -0.000000 -0.686193 0.686193 0.000000 0.727420 0.000000 -1.000000 0.000000
-2.142218 0.003476 0.000000
0.000000 0.000000 0.000000
0
1
1.000000 1.000000 1.000000
1.000000 1.000000 1.000000
0.000000 0.000000 0.000000
0.727420 0.686193 0.000000 -0.000000 0.000000 -1.000000 -0.686193 0.727420 0.000000
0.727420 0.000000 -0.686193 0.686193 0.000000 0.727420 0.000000 -1.000000 0.000000
0.727420 -0.000000 -0.686193 0.686193 0.000000 0.727420 0.000000 -1.000000 0.000000
-3.371032 1.306119 0.000000
0.000000 0.000000 0.000000
1
1
1.000000 1.000000 1.000000
1.000000 1.000000 1.000000
0.000000 0.000000 0.000000
0.807481 -0.589894 0.000000 0.000000 0.000000 1.000000 -0.589894 -0.807481 0.000000
0.727420 0.000000 -0.686193 0.686193 0.000000 0.727420 0.000000 -1.000000 0.000000
0.807481 0.000000 -0.589894 -0.589894 0.000000 -0.807481 0.000000 1.000000 0.000000
-3.371032 1.306119 0.000000
0.000000 0.000000 0.000000
0
1
1.000000 1.000000 1.000000
1.000000 1.000000 1.000000
0.000000 0.000000 0.000000
0.807481 -0.589894 0.000000 0.000000 0.000000 1.000000 -0.589894 -0.807481 0.000000
0.807481 0.000000 -0.589894 -0.589894 0.000000 -0.807481 0.000000 1.000000 0.000000
0.807481 0.000000 -0.589894 -0.589894 0.000000 -0.807481 0.000000 1.000000 0.000000
-4.360625 -0.048492 0.000000
0.000000 0.000000 0.000000
1
1
1.000000 1.000000 1.000000
1.000000 1.000000 1.000000
0.000000 0.000000 0.000000
0.801944 0.597399 0.000000 0.000000 0.000000 -1.000000 -0.597399 0.801944 0.000000
0.000000 0.024516 -0.999699 0.000000 0.999699 0.024516 1.000000 0.000000 0.000000
0.801944 0.000000 -0.597399 0.597399 0.000000 0.801944 0.000000 -1.000000 0.000000
-4.360625 -0.048492 0.000000
0.000000 0.000000 0.000000
0
1
1.000000 1.000000 1.000000
1.000000 1.000000 1.000000
0.000000 0.000000 0.000000
0.801944 0.597399 0.000000 0.000000 0.000000 -1.000000 -0.597399 0.801944 0.000000
0.801944 0.000000 -0.597399 0.597399 0.000000 0.801944 0.000000 -1.000000 0.000000
0.801944 0.000000 -0.597399 0.597399 0.000000 0.801944 0.000000 -1.000000 0.000000
-5.491845 1.470048 0.000000
0.000000 0.000000 0.000000
1
1
1.000000 1.000000 1.000000
1.000000 1.000000 1.000000
0.000000 0.000000 0.000000
0.815197 -0.579183 0.000000 0.000000 0.000000 1.000000 -0.579183 -0.815197 0.000000
0.801944 0.000000 -0.597399 0.597399 0.000000 0.801944 0.000000 -1.000000 0.000000
0.815197 0.000000 -0.579183 -0.579183 0.000000 -0.815197 0.000000 1.000000 0.000000
-5.491845 1.470048 0.000000
0.000000 0.000000 0.000000
0
1
1.000000 1.000000 1.000000
1.000000 1.000000 1.000000
0.000000 0.000000 0.000000
0.815197 -0.579183 0.000000 0.000000 0.000000 1.000000 -0.579183 -0.815197 0.000000
0.815197 0.000000 -0.579183 -0.579183 0.000000 -0.815197 0.000000 1.000000 0.000000
0.815197 0.000000 -0.579183 -0.579183 0.000000 -0.815197 0.000000 1.000000 0.000000
-6.532894 0.004779 0.000000
0.000000 0.000000 0.000000
1
1
1.000000 1.000000 1.000000
1.000000 1.000000 1.000000
0.000000 0.000000 0.000000
0.000000 -0.000000 1.000000 0.001623 0.999999 0.000000 -0.999999 0.001623 0.000000
0.000000 0.000000 1.000000 0.001623 0.999999 0.000000 -0.999999 0.001623 0.000000
0.000000 0.001623 -0.999999 -0.000000 0.999999 0.001623 1.000000 0.000000 0.000000
0.000000 0.000000 0.000000
0.000000 0.000000 0.000000
2
1
1.000000 1.000000 1.000000
1.000000 1.000000 1.000000
0.000000 0.000000 0.000000
0.000000 -0.000000 1.000000 0.001623 0.999999 0.000000 -0.999999 0.001623 0.000000
1.000000 0.000000 0.000000 0.000000 1.000000 0.000000 0.000000 0.000000 1.000000
0.000000 0.001623 -0.999999 -0.000000 0.999999 0.001623 1.000000 0.000000 0.000000
-2.142218 0.003476 0.000000
0.000000 0.000000 0.000000
3
1
1.000000 1.000000 1.000000
1.000000 1.000000 1.000000
0.000000 0.000000 0.000000
0.000000 -0.000000 1.000000 -0.023419 0.999726 0.000000 -0.999726 -0.023419 0.000000
1.000000 0.000000 0.000000 0.000000 0.999686 0.025042 0.000000 -0.025042 0.999686
0.000000 -0.023419 -0.999726 -0.000000 0.999726 -0.023419 1.000000 0.000000 0.000000
-2.142218 0.003476 0.000000
0.000000 0.000000 0.000000
2
1
1.000000 1.000000 1.000000
1.000000 1.000000 1.000000
0.000000 0.000000 0.000000
0.000000 -0.000000 1.000000 -0.023419 0.999726 0.000000 -0.999726 -0.023419 0.000000
1.000000 0.000000 0.000000 0.000000 1.000000 0.000000 0.000000 0.000000 1.000000
0.000000 -0.023419 -0.999726 -0.000000 0.999726 -0.023419 1.000000 0.000000 0.000000
-4.360625 -0.048492 0.000000
0.000000 0.000000 0.000000
3
1
1.000000 1.000000 1.000000
1.000000 1.000000 1.000000
0.000000 0.000000 0.000000
0.000000 0.000000 1.000000 0.024516 0.999699 -0.000000 -0.999699 0.024516 0.000000
1.000000 0.000000 0.000000 0.000000 0.998851 -0.047921 0.000000 0.047921 0.998851
0.000000 0.024516 -0.999699 0.000000 0.999699 0.024516 1.000000 -0.000000 0.000000
-4.360625 -0.048492 0.000000
0.000000 0.000000 0.000000
2
1
1.000000 1.000000 1.000000
1.000000 1.000000 1.000000
0.000000 0.000000 0.000000
0.000000 0.000000 1.000000 0.024516 0.999699 -0.000000 -0.999699 0.024516 0.000000
1.000000 0.000000 0.000000 0.000000 1.000000 0.000000 0.000000 0.000000 1.000000
0.000000 0.024516 -0.999699 0.000000 0.999699 0.024516 1.000000 -0.000000 0.000000
-6.532894 0.004779 0.000000
0.000000 0.000000 0.000000
3

