Bones
24
Bone 0
812091824
0
0.699116 0.715008 0.000000 0.000000 0.000000 -1.000000 -0.715008 0.699116 0.000000
0.000000 0.716142 -0.697955 -1.000000 0.000000 0.000000 0.000000 0.697955 0.716142
952719432 952719840 952649712
1 1.558243
952715904
Bone 1
812092096
812091824
0.726187 -0.687497 0.000000 0.000000 0.000000 1.000000 -0.687497 -0.726187 0.000000
0.016123 0.000000 -0.999870 0.000000 -1.000000 0.000000 -0.999870 -0.000000 -0.016123
952720248 952720656 952649712
2 1.495368
952715904
Bone 2
812092368
812092096
0.727420 0.686193 0.000000 -0.000000 0.000000 -1.000000 -0.686193 0.727420 0.000000
0.000000 0.668969 -0.743291 -1.000000 0.000000 0.000000 0.000000 0.743291 0.668969
952721880 952722288 952649712
1 1.790771
952716184
Bone 3
812092232
812092368
0.807481 -0.589894 0.000000 0.000000 0.000000 1.000000 -0.589894 -0.807481 0.000000
0.182596 -0.000000 -0.983188 0.000000 -1.000000 0.000000 -0.983188 0.000000 -0.182596
952722696 952723552 952649712
2 1.677577
952716184
Bone 4
952701456
812092232
0.801944 0.597399 0.000000 0.000000 0.000000 -1.000000 -0.597399 0.801944 0.000000
0.000000 0.616880 -0.787057 -1.000000 0.000000 0.000000 0.000000 0.787057 0.616880
952724368 952726408 952649712
1 1.893574
952716464
Bone 5
952701592
952701456
0.815197 -0.579183 0.000000 0.000000 0.000000 1.000000 -0.579183 -0.815197 0.000000
0.307739 0.000000 -0.951471 0.000000 -1.000000 0.000000 -0.951471 -0.000000 -0.307739
952724776 952725184 952649712
2 1.797442
952716464
Bone 0
952703496
0
0.699116 0.715008 0.000000 0.000000 0.000000 -1.000000 -0.715008 0.699116 0.000000
0.000000 0.716142 -0.697955 -1.000000 0.000000 0.000000 0.000000 0.697955 0.716142
952737896 952736672 852815600
1 1.558243
952716744
Bone 1
952702816
952703496
0.726187 -0.687497 0.000000 0.000000 0.000000 1.000000 -0.687497 -0.726187 0.000000
0.016123 0.000000 -0.999870 0.000000 -1.000000 0.000000 -0.999870 -0.000000 -0.016123
952742384 952737080 852815600
2 1.495368
952716744
Bone 2
952702000
952702816
0.727420 0.686193 0.000000 -0.000000 0.000000 -1.000000 -0.686193 0.727420 0.000000
0.000000 0.668969 -0.743291 -1.000000 0.000000 0.000000 0.000000 0.743291 0.668969
952741976 952739120 852815600
1 1.790771
952717024
Bone 3
952701184
952702000
0.807481 -0.589894 0.000000 0.000000 0.000000 1.000000 -0.589894 -0.807481 0.000000
0.182596 -0.000000 -0.983188 0.000000 -1.000000 0.000000 -0.983188 0.000000 -0.182596
952738304 952739528 852815600
2 1.677577
952717024
Bone 4
952701048
952701184
0.801944 0.597399 0.000000 0.000000 0.000000 -1.000000 -0.597399 0.801944 0.000000
0.000000 0.616880 -0.787057 -1.000000 0.000000 0.000000 0.000000 0.787057 0.616880
952735856 952736264 852815600
1 1.893574
952717304
Bone 5
952700232
952701048
0.815197 -0.579183 0.000000 0.000000 0.000000 1.000000 -0.579183 -0.815197 0.000000
0.307739 0.000000 -0.951471 0.000000 -1.000000 0.000000 -0.951471 -0.000000 -0.307739
952741160 952741568 852815600
2 1.797442
952717304
Bone 0
952700368
0
0.699116 0.715008 0.000000 0.000000 0.000000 -1.000000 -0.715008 0.699116 0.000000
0.000000 0.716142 -0.697955 -1.000000 0.000000 0.000000 0.000000 0.697955 0.716142
952749576 952752432 952686320
1 1.558243
952819984
Bone 1
952699960
952700368
0.726187 -0.687497 0.000000 0.000000 0.000000 1.000000 -0.687497 -0.726187 0.000000
0.016123 0.000000 -0.999870 0.000000 -1.000000 0.000000 -0.999870 -0.000000 -0.016123
952749984 952745088 952686320
2 1.495368
952819984
Bone 2
952700096
952699960
0.727420 0.686193 0.000000 -0.000000 0.000000 -1.000000 -0.686193 0.727420 0.000000
0.000000 0.668969 -0.743291 -1.000000 0.000000 0.000000 0.000000 0.743291 0.668969
952744680 952745904 952686320
1 1.790771
952662648
Bone 3
952700504
952700096
0.807481 -0.589894 0.000000 0.000000 0.000000 1.000000 -0.589894 -0.807481 0.000000
0.182596 -0.000000 -0.983188 0.000000 -1.000000 0.000000 -0.983188 0.000000 -0.182596
952746312 952747128 952686320
2 1.677577
952662648
Bone 4
952701320
952700504
0.801944 0.597399 0.000000 0.000000 0.000000 -1.000000 -0.597399 0.801944 0.000000
0.000000 0.616880 -0.787057 -1.000000 0.000000 0.000000 0.000000 0.787057 0.616880
952748352 952748760 952686320
1 1.893574
952755512
Bone 5
952699688
952701320
0.815197 -0.579183 0.000000 0.000000 0.000000 1.000000 -0.579183 -0.815197 0.000000
0.307739 0.000000 -0.951471 0.000000 -1.000000 0.000000 -0.951471 -0.000000 -0.307739
952976936 952975712 952686320
2 1.797442
952755512
Bone 0
952702136
0
0.699116 0.715008 0.000000 0.000000 0.000000 -1.000000 -0.715008 0.699116 0.000000
0.000000 0.716142 -0.697955 -1.000000 0.000000 0.000000 0.000000 0.697955 0.716142
952972856 952974080 952699088
1 1.558243
952755792
Bone 1
952701728
952702136
0.726187 -0.687497 0.000000 0.000000 0.000000 1.000000 -0.687497 -0.726187 0.000000
0.016123 0.000000 -0.999870 0.000000 -1.000000 0.000000 -0.999870 -0.000000 -0.016123
952973264 952976120 952699088
2 1.495368
952755792
Bone 2
952703224
952701728
0.727420 0.686193 0.000000 -0.000000 0.000000 -1.000000 -0.686193 0.727420 0.000000
0.000000 0.668969 -0.743291 -1.000000 0.000000 0.000000 0.000000 0.743291 0.668969
952973672 952970408 952699088
1 1.790771
952756072
Bone 3
952702272
952703224
0.807481 -0.589894 0.000000 0.000000 0.000000 1.000000 -0.589894 -0.807481 0.000000
0.182596 -0.000000 -0.983188 0.000000 -1.000000 0.000000 -0.983188 0.000000 -0.182596
952970816 952971224 952699088
2 1.677577
952756072
Bone 4
952700640
952702272
0.801944 0.597399 0.000000 0.000000 0.000000 -1.000000 -0.597399 0.801944 0.000000
0.000000 0.616880 -0.787057 -1.000000 0.000000 0.000000 0.000000 0.787057 0.616880
952980664 952981072 952699088
1 1.893574
952756352
Bone 5
952700776
952700640
0.815197 -0.579183 0.000000 0.000000 0.000000 1.000000 -0.579183 -0.815197 0.000000
0.307739 0.000000 -0.951471 0.000000 -1.000000 0.000000 -0.951471 -0.000000 -0.307739
952981888 952987600 952699088
2 1.797442
952756352

