Transformers
88
Locator 7
952718616
4 1 0 1 1 0 0.400000 0
785301760 0 952649712 0 0 0
1.000000 1.000000 1.000000
1.000000 1.000000 1.000000
0.000000 0.000000 0.000000
0.000000 0.000000 0.000000
1.000000 0.000000 0.000000 0.000000 1.000000 0.000000 0.000000 0.000000 1.000000
1.000000 0.000000 0.000000 0.000000 1.000000 0.000000 0.000000 0.000000 1.000000
1.000000 0.000000 0.000000 0.000000 1.000000 0.000000 0.000000 0.000000 1.000000
1.000000 0.000000 0.000000 0.000000 1.000000 0.000000 0.000000 0.000000 1.000000
1.454336 8.281370 -0.000001
0.000000 0.000000 0.000000
0.000000 0.000000 0.000000
0.000000 0.000000 0.000000
952719024
IK A 20
952719024
2 2 0 1 1 0 0.400000 0
952718616 0 952649712 0 952715904 0
1.000000 1.000000 1.000000
1.000000 1.000000 1.000000
0.000000 0.000000 0.000000
0.000000 0.000000 0.000000
0.000000 -0.000000 1.000000 -0.515669 0.856788 0.000000 -0.856788 -0.515669 0.000000
0.000000 -0.000000 1.000000 -0.515669 0.856788 0.000000 -0.856788 -0.515669 0.000000
0.000000 0.000000 1.000000 -0.515669 0.856788 0.000000 -0.856788 -0.515669 0.000000
0.000000 0.001623 -0.999999 -0.000000 0.999999 0.001623 1.000000 0.000000 0.000000
1.454336 8.281370 -0.000001
0.000000 0.000000 0.000000
0.000000 0.000000 0.000000
0.000000 0.000000 0.000000
952719432
952721064
Locator 8
952719432
0 1 1 1 1 0 0.400000 0
952719024 0 952649712 812091824 0 0
1.000000 1.000000 1.000000
1.000000 1.000000 1.000000
0.000000 0.000000 0.000000
0.000000 0.000000 0.000000
-0.502777 0.835368 0.000000 -0.000000 0.000000 -0.975000 -0.856788 -0.515669 0.000000
-0.502777 0.835368 0.000000 -0.000000 0.000000 -0.975000 -0.856788 -0.515669 0.000000
0.000000 0.001623 -0.999999 0.000000 0.999999 0.001623 1.000000 0.000000 0.000000
0.699116 0.000000 -0.715008 0.715008 0.000000 0.699116 0.000000 -1.000000 0.000000
1.454336 8.281370 -0.000001
0.000000 0.000000 0.000000
0.000000 0.000000 0.000000
0.000000 0.000000 0.000000
952719840
Locator 9
952719840
1 1 0 1 1 0 0.400000 0
952719432 0 952649712 812091824 0 0
1.000000 1.000000 1.000000
1.000000 1.000000 1.000000
0.000000 0.000000 0.000000
0.000000 0.000000 0.000000
-0.502777 0.835368 0.000000 -0.000000 0.000000 -0.975000 -0.856788 -0.515669 0.000000
-0.502777 0.835368 0.000000 -0.000000 0.000000 -0.975000 -0.856788 -0.515669 0.000000
0.699116 0.000000 -0.715008 0.715008 0.000000 0.699116 0.000000 -1.000000 0.000000
0.699116 0.000000 -0.715008 0.715008 0.000000 0.699116 0.000000 -1.000000 0.000000
-0.014257 7.397479 -0.000001
0.000000 0.000000 1.714068
-1.114156 1.089393 0.000000
0.000000 0.000000 0.000000
952720248
Locator 10
952720248
0 1 0 1 1 0 0.400000 0
952719840 0 952649712 812092096 0 0
1.000000 1.000000 1.000000
1.000000 1.000000 1.000000
0.000000 0.000000 0.000000
0.000000 0.000000 0.000000
0.502777 -0.835369 -0.000000 0.000000 0.000000 0.975000 -0.856788 -0.515668 0.000000
0.502777 -0.835369 -0.000000 0.000000 0.000000 0.975000 -0.856788 -0.515668 0.000000
0.699116 0.000000 -0.715008 0.715008 0.000000 0.699116 0.000000 -1.000000 0.000000
0.726187 0.000000 -0.687497 -0.687497 0.000000 -0.726187 0.000000 1.000000 0.000000
-0.014257 7.397479 -0.000001
0.000000 0.000000 0.000000
-1.114156 1.089393 0.000000
0.000000 0.000000 0.000000
952720656
Locator 11
952720656
1 0 0 1 1 0 0.400000 0
952720248 0 952649712 812092096 0 0
1.000000 1.000000 1.000000
1.000000 1.000000 1.000000
0.000000 0.000000 0.000000
0.000000 0.000000 0.000000
0.502777 -0.835369 -0.000000 0.000000 0.000000 0.975000 -0.856788 -0.515668 0.000000
0.502777 -0.835369 -0.000000 0.000000 0.000000 0.975000 -0.856788 -0.515668 0.000000
0.726187 0.000000 -0.687497 -0.687497 0.000000 -0.726187 0.000000 1.000000 0.000000
0.726187 0.000000 -0.687497 -0.687497 0.000000 -0.726187 0.000000 1.000000 0.000000
-1.423593 6.549253 -0.000001
0.000000 0.000000 1.644905
-2.142218 0.003476 0.000000
0.000000 0.000000 0.000000
IK B 21
952721064
5 1 0 1 1 0 0.400000 0
952719024 0 952649712 0 952715904 852152296
1.000000 1.000000 1.000000
1.000000 1.000000 1.000000
0.000000 0.000000 0.000000
0.000000 0.000000 0.000000
0.000000 0.000000 1.000000 -0.515669 0.856788 0.000000 -0.856788 -0.515669 0.000000
0.000000 0.000000 1.000000 -0.515669 0.856788 0.000000 -0.856788 -0.515669 0.000000
1.000000 0.000000 0.000000 0.000000 1.000000 0.000000 0.000000 0.000000 1.000000
0.000000 0.001623 -0.999999 -0.000000 0.999999 0.001623 1.000000 0.000000 0.000000
-1.423593 6.549253 -0.000001
0.000000 0.000000 3.358973
-2.142218 0.003476 0.000000
0.000000 0.000000 0.000000
952721472
IK A 22
952721472
2 2 0 1 1 0 0.400000 0
952721064 0 952649712 0 952716184 0
1.000000 1.000000 1.000000
1.000000 1.000000 1.000000
0.000000 0.000000 0.000000
0.000000 0.000000 0.000000
0.000000 -0.000000 1.000000 -0.376861 0.926270 0.000000 -0.926270 -0.376861 0.000000
0.000000 -0.000000 1.000000 -0.376861 0.926270 0.000000 -0.926270 -0.376861 0.000000
1.000000 -0.000000 0.000000 0.000000 0.987952 -0.154758 -0.000000 0.154758 0.987952
0.000000 -0.023419 -0.999726 -0.000000 0.999726 -0.023419 1.000000 0.000000 0.000000
-1.423593 6.549253 -0.000001
0.000000 0.000000 0.000000
-2.142218 0.003476 0.000000
0.000000 0.000000 0.000000
952721880
952723144
Locator 12
952721880
0 1 1 1 1 0 0.400000 0
952721472 0 952649712 812092368 0 0
1.000000 1.000000 1.000000
1.000000 1.000000 1.000000
0.000000 0.000000 0.000000
0.000000 0.000000 0.000000
-0.367439 0.903113 0.000000 -0.000000 0.000000 -0.975000 -0.926270 -0.376860 0.000000
-0.367439 0.903113 0.000000 -0.000000 0.000000 -0.975000 -0.926270 -0.376860 0.000000
0.000000 -0.023419 -0.999726 0.000000 0.999726 -0.023419 1.000000 0.000000 0.000000
0.727420 -0.000000 -0.686193 0.686193 0.000000 0.727420 0.000000 -1.000000 0.000000
-1.423593 6.549253 -0.000001
0.000000 0.000000 0.000000
-2.142218 0.003476 0.000000
0.000000 0.000000 0.000000
952722288
Locator 13
952722288
1 1 0 1 1 0 0.400000 0
952721880 0 952649712 812092368 0 0
1.000000 1.000000 1.000000
1.000000 1.000000 1.000000
0.000000 0.000000 0.000000
0.000000 0.000000 0.000000
-0.367439 0.903113 0.000000 -0.000000 0.000000 -0.975000 -0.926270 -0.376860 0.000000
-0.367439 0.903113 0.000000 -0.000000 0.000000 -0.975000 -0.926270 -0.376860 0.000000
0.727420 0.000000 -0.686193 0.686193 0.000000 0.727420 0.000000 -1.000000 0.000000
0.727420 -0.000000 -0.686193 0.686193 0.000000 0.727420 0.000000 -1.000000 0.000000
-3.248205 5.806896 -0.000000
0.000000 0.000000 1.969849
-3.371032 1.306119 0.000000
0.000000 0.000000 0.000000
952722696
Locator 14
952722696
0 1 0 1 1 0 0.400000 0
952722288 0 952649712 812092232 0 0
1.000000 1.000000 1.000000
1.000000 1.000000 1.000000
0.000000 0.000000 0.000000
0.000000 0.000000 0.000000
0.367440 -0.903113 -0.000000 0.000000 -0.000000 0.975000 -0.926270 -0.376861 0.000000
0.367440 -0.903113 -0.000000 0.000000 -0.000000 0.975000 -0.926270 -0.376861 0.000000
0.727420 0.000000 -0.686193 0.686193 0.000000 0.727420 0.000000 -1.000000 0.000000
0.807481 0.000000 -0.589894 -0.589894 0.000000 -0.807481 0.000000 1.000000 0.000000
-3.248205 5.806896 -0.000000
0.000000 0.000000 0.000000
-3.371032 1.306119 0.000000
0.000000 0.000000 0.000000
952723552
Locator 15
952723552
1 0 0 1 1 0 0.400000 0
952722696 0 952649712 812092232 0 0
1.000000 1.000000 1.000000
1.000000 1.000000 1.000000
0.000000 0.000000 0.000000
0.000000 0.000000 0.000000
0.367440 -0.903113 -0.000000 0.000000 -0.000000 0.975000 -0.926270 -0.376861 0.000000
0.367440 -0.903113 -0.000000 0.000000 -0.000000 0.975000 -0.926270 -0.376861 0.000000
0.807481 0.000000 -0.589894 -0.589894 0.000000 -0.807481 0.000000 1.000000 0.000000
0.807481 0.000000 -0.589894 -0.589894 0.000000 -0.807481 0.000000 1.000000 0.000000
-4.957483 5.111461 -0.000000
-0.000000 0.000000 1.845335
-4.360625 -0.048492 0.000000
0.000000 0.000000 0.000000
IK B 23
952723144
5 1 0 1 1 0 0.400000 0
952721472 0 952649712 0 952716184 852152336
1.000000 1.000000 1.000000
1.000000 1.000000 1.000000
0.000000 0.000000 0.000000
0.000000 0.000000 0.000000
0.000000 -0.000000 1.000000 -0.376861 0.926270 0.000000 -0.926270 -0.376861 0.000000
0.000000 -0.000000 1.000000 -0.376861 0.926270 0.000000 -0.926270 -0.376861 0.000000
1.000000 0.000000 0.000000 0.000000 1.000000 0.000000 0.000000 0.000000 1.000000
0.000000 -0.023419 -0.999726 -0.000000 0.999726 -0.023419 1.000000 0.000000 0.000000
-4.957483 5.111461 -0.000000
0.000000 0.000000 3.815184
-4.360625 -0.048492 0.000000
0.000000 0.000000 0.000000
952723960
IK A 24
952723960
2 2 0 1 1 0 0.400000 0
952723144 0 952649712 0 952716464 0
1.000000 1.000000 1.000000
1.000000 1.000000 1.000000
0.000000 0.000000 0.000000
0.000000 0.000000 0.000000
0.000000 -0.000000 1.000000 -0.205932 0.978566 0.000000 -0.978566 -0.205932 0.000000
0.000000 -0.000000 1.000000 -0.205932 0.978566 0.000000 -0.978566 -0.205932 0.000000
1.000000 0.000000 0.000000 0.000000 0.984024 -0.178034 -0.000000 0.178034 0.984024
0.000000 0.024516 -0.999699 0.000000 0.999699 0.024516 1.000000 -0.000000 0.000000
-4.957483 5.111461 -0.000000
0.000000 0.000000 0.000000
-4.360625 -0.048492 0.000000
0.000000 0.000000 0.000000
952724368
952725592
Locator 16
952724368
0 1 1 1 1 0 0.400000 0
952723960 0 952649712 952701456 0 0
1.000000 1.000000 1.000000
1.000000 1.000000 1.000000
0.000000 0.000000 0.000000
0.000000 0.000000 0.000000
-0.200459 0.952557 0.000000 -0.000000 0.000000 -0.973421 -0.978566 -0.205932 0.000000
-0.200459 0.952557 0.000000 -0.000000 0.000000 -0.973421 -0.978566 -0.205932 0.000000
0.000000 0.024516 -0.999699 0.000000 0.999699 0.024516 1.000000 0.000000 0.000000
0.801944 0.000000 -0.597399 0.597399 0.000000 0.801944 0.000000 -1.000000 0.000000
-4.957483 5.111461 -0.000000
0.000000 0.000000 0.000000
-4.360625 -0.048492 0.000000
0.000000 0.000000 0.000000
952726408
Locator 17
952726408
1 1 0 1 1 0 0.400000 0
952724368 0 952649712 952701456 0 0
1.000000 1.000000 1.000000
1.000000 1.000000 1.000000
0.000000 0.000000 0.000000
0.000000 0.000000 0.000000
-0.200459 0.952557 0.000000 -0.000000 0.000000 -0.973421 -0.978566 -0.205932 0.000000
-0.200459 0.952557 0.000000 -0.000000 0.000000 -0.973421 -0.978566 -0.205932 0.000000
0.801944 0.000000 -0.597399 0.597399 0.000000 0.801944 0.000000 -1.000000 0.000000
0.801944 0.000000 -0.597399 0.597399 0.000000 0.801944 0.000000 -1.000000 0.000000
-7.007469 4.680056 -0.000000
-0.000000 0.000000 2.081525
-5.491845 1.470048 0.000000
0.000000 0.000000 0.000000
952724776
Locator 18
952724776
0 1 0 1 1 0 0.400000 0
952726408 0 952649712 952701592 0 0
1.000000 1.000000 1.000000
1.000000 1.000000 1.000000
0.000000 0.000000 0.000000
0.000000 0.000000 0.000000
0.200459 -0.952558 -0.000000 0.000000 -0.000000 0.973421 -0.978566 -0.205932 0.000000
0.200459 -0.952558 -0.000000 0.000000 -0.000000 0.973421 -0.978566 -0.205932 0.000000
0.801944 0.000000 -0.597399 0.597399 0.000000 0.801944 0.000000 -1.000000 0.000000
0.815197 0.000000 -0.579183 -0.579183 0.000000 -0.815197 0.000000 1.000000 0.000000
-7.007469 4.680056 -0.000000
0.000000 0.000000 0.000000
-5.491845 1.470048 0.000000
0.000000 0.000000 0.000000
952725184
Locator 19
952725184
1 0 0 1 1 0 0.400000 0
952724776 0 952649712 952701592 0 0
1.000000 1.000000 1.000000
1.000000 1.000000 1.000000
0.000000 0.000000 0.000000
0.000000 0.000000 0.000000
0.200459 -0.952558 -0.000000 0.000000 -0.000000 0.973421 -0.978566 -0.205932 0.000000
0.200459 -0.952558 -0.000000 0.000000 -0.000000 0.973421 -0.978566 -0.205932 0.000000
0.815197 0.000000 -0.579183 -0.579183 0.000000 -0.815197 0.000000 1.000000 0.000000
0.815197 0.000000 -0.579183 -0.579183 0.000000 -0.815197 0.000000 1.000000 0.000000
-8.953383 4.270553 -0.000000
-0.000000 0.000000 1.975851
-6.532894 0.004779 0.000000
0.000000 0.000000 0.000000
IK B 25
952725592
5 0 0 1 1 0 0.400000 0
952723960 0 952649712 0 952716464 852152696
1.000000 1.000000 1.000000
1.000000 1.000000 1.000000
0.000000 0.000000 0.000000
0.000000 0.000000 0.000000
0.000000 -0.000000 1.000000 -0.205932 0.978566 0.000000 -0.978566 -0.205932 0.000000
0.000000 -0.000000 1.000000 -0.205932 0.978566 0.000000 -0.978566 -0.205932 0.000000
1.000000 0.000000 0.000000 0.000000 1.000000 0.000000 0.000000 0.000000 1.000000
0.000000 0.024516 -0.999699 0.000000 0.999699 0.024516 1.000000 -0.000000 0.000000
-8.953383 4.270553 -0.000000
0.000000 -0.000000 4.057376
-6.532894 0.004779 0.000000
0.000000 0.000000 0.000000
Constraint 28
952726000
0 1 0 1 1 0 0.800000 0
785301760 0 0 0 0 852152696
1.000000 1.000000 1.000000
1.000000 1.000000 1.000000
0.000000 0.000000 0.000000
0.000000 0.000000 0.000000
1.000000 0.000000 0.000000 0.000000 1.000000 0.000000 0.000000 0.000000 1.000000
1.000000 0.000000 0.000000 0.000000 1.000000 0.000000 0.000000 0.000000 1.000000
1.000000 0.000000 0.000000 0.000000 1.000000 0.000000 0.000000 0.000000 1.000000
1.000000 0.000000 0.000000 0.000000 1.000000 0.000000 0.000000 0.000000 1.000000
-9.720801 4.110540 0.000000
0.000000 0.000000 0.000000
-6.532894 0.004779 0.000000
0.000000 0.000000 0.000000
952737488
Constraint 27
952737488
0 1 0 1 1 0 0.800000 0
952726000 0 0 0 0 852152336
1.000000 1.000000 1.000000
1.000000 1.000000 1.000000
0.000000 0.000000 0.000000
0.000000 0.000000 0.000000
1.000000 0.000000 0.000000 0.000000 1.000000 0.000000 0.000000 0.000000 1.000000
1.000000 0.000000 0.000000 0.000000 1.000000 0.000000 0.000000 0.000000 1.000000
1.000000 0.000000 0.000000 0.000000 1.000000 0.000000 0.000000 0.000000 1.000000
1.000000 0.000000 0.000000 0.000000 1.000000 0.000000 0.000000 0.000000 1.000000
-7.548532 4.057270 0.000000
2.172269 -0.053270 0.000000
-4.360625 -0.048492 0.000000
0.000000 0.000000 0.000000
952739936
Constraint 26
952739936
0 0 0 1 1 0 0.800000 0
952737488 0 0 0 0 852152296
1.000000 1.000000 1.000000
1.000000 1.000000 1.000000
0.000000 0.000000 0.000000
0.000000 0.000000 0.000000
1.000000 0.000000 0.000000 0.000000 1.000000 0.000000 0.000000 0.000000 1.000000
1.000000 0.000000 0.000000 0.000000 1.000000 0.000000 0.000000 0.000000 1.000000
1.000000 0.000000 0.000000 0.000000 1.000000 0.000000 0.000000 0.000000 1.000000
1.000000 0.000000 0.000000 0.000000 1.000000 0.000000 0.000000 0.000000 1.000000
-5.293279 4.220236 0.000000
2.255254 0.162966 0.000000
-2.142218 0.003476 0.000000
0.000000 0.000000 0.000000
Locator 7
952735448
4 1 0 1 1 0 0.400000 0
785301760 0 852815600 0 0 0
1.000000 1.000000 1.000000
1.000000 1.000000 1.000000
0.000000 0.000000 0.000000
0.000000 0.000000 0.000000
1.000000 0.000000 0.000000 0.000000 1.000000 0.000000 0.000000 0.000000 1.000000
1.000000 0.000000 0.000000 0.000000 1.000000 0.000000 0.000000 0.000000 1.000000
1.000000 0.000000 0.000000 0.000000 1.000000 0.000000 0.000000 0.000000 1.000000
1.000000 0.000000 0.000000 0.000000 1.000000 0.000000 0.000000 0.000000 1.000000
2.191884 6.142563 -0.000001
0.000000 0.000000 0.000000
0.000000 0.000000 0.000000
0.000000 0.000000 0.000000
952738712
IK A 20
952738712
2 2 0 1 1 0 0.400000 0
952735448 0 852815600 0 952716744 0
1.000000 1.000000 1.000000
1.000000 1.000000 1.000000
0.000000 0.000000 0.000000
0.000000 0.000000 0.000000
0.000000 -0.000000 1.000000 -0.549190 0.835697 0.000000 -0.835697 -0.549190 0.000000
0.000000 -0.000000 1.000000 -0.549190 0.835697 0.000000 -0.835697 -0.549190 0.000000
0.000000 0.000000 1.000000 -0.549190 0.835697 0.000000 -0.835697 -0.549190 0.000000
0.000000 0.001623 -0.999999 -0.000000 0.999999 0.001623 1.000000 0.000000 0.000000
2.191884 6.142563 -0.000001
0.000000 0.000000 0.000000
0.000000 0.000000 0.000000
0.000000 0.000000 0.000000
952737896
952742792
Locator 8
952737896
0 1 1 1 1 0 0.400000 0
952738712 0 852815600 952703496 0 0
1.000000 1.000000 1.000000
1.000000 1.000000 1.000000
0.000000 0.000000 0.000000
0.000000 0.000000 0.000000
-0.535461 0.814805 0.000000 -0.000000 0.000000 -0.975000 -0.835697 -0.549191 0.000000
-0.535461 0.814805 0.000000 -0.000000 0.000000 -0.975000 -0.835697 -0.549191 0.000000
0.000000 0.001623 -0.999999 0.000000 0.999999 0.001623 1.000000 0.000000 0.000000
0.699116 0.000000 -0.715008 0.715008 0.000000 0.699116 0.000000 -1.000000 0.000000
2.191884 6.142563 -0.000001
0.000000 0.000000 0.000000
0.000000 0.000000 0.000000
0.000000 0.000000 0.000000
952736672
Locator 9
952736672
1 1 0 1 1 0 0.400000 0
952737896 0 852815600 952703496 0 0
1.000000 1.000000 1.000000
1.000000 1.000000 1.000000
0.000000 0.000000 0.000000
0.000000 0.000000 0.000000
-0.535461 0.814805 0.000000 -0.000000 0.000000 -0.975000 -0.835697 -0.549191 0.000000
-0.535461 0.814805 0.000000 -0.000000 0.000000 -0.975000 -0.835697 -0.549191 0.000000
0.699116 0.000000 -0.715008 0.715008 0.000000 0.699116 0.000000 -1.000000 0.000000
0.699116 0.000000 -0.715008 0.715008 0.000000 0.699116 0.000000 -1.000000 0.000000
0.759442 5.201213 -0.000001
-0.000000 -0.000000 1.714068
-1.114156 1.089393 0.000000
0.000000 0.000000 0.000000
952742384
Locator 10
952742384
0 1 0 1 1 0 0.400000 0
952736672 0 852815600 952702816 0 0
1.000000 1.000000 1.000000
1.000000 1.000000 1.000000
0.000000 0.000000 0.000000
0.000000 0.000000 0.000000
0.535460 -0.814805 -0.000000 0.000000 0.000000 0.975000 -0.835697 -0.549190 0.000000
0.535460 -0.814805 -0.000000 0.000000 0.000000 0.975000 -0.835697 -0.549190 0.000000
0.699116 0.000000 -0.715008 0.715008 0.000000 0.699116 0.000000 -1.000000 0.000000
0.726187 0.000000 -0.687497 -0.687497 0.000000 -0.726187 0.000000 1.000000 0.000000
0.759442 5.201213 -0.000001
0.000000 0.000000 0.000000
-1.114156 1.089393 0.000000
0.000000 0.000000 0.000000
952737080
Locator 11
952737080
1 0 0 1 1 0 0.400000 0
952742384 0 852815600 952702816 0 0
1.000000 1.000000 1.000000
1.000000 1.000000 1.000000
0.000000 0.000000 0.000000
0.000000 0.000000 0.000000
0.535460 -0.814805 -0.000000 0.000000 0.000000 0.975000 -0.835697 -0.549190 0.000000
0.535460 -0.814805 -0.000000 0.000000 0.000000 0.975000 -0.835697 -0.549190 0.000000
0.726187 0.000000 -0.687497 -0.687497 0.000000 -0.726187 0.000000 1.000000 0.000000
0.726187 0.000000 -0.687497 -0.687497 0.000000 -0.726187 0.000000 1.000000 0.000000
-0.615201 4.297847 -0.000000
0.000000 0.000000 1.644906
-2.142218 0.003476 0.000000
0.000000 0.000000 0.000000
IK B 21
952742792
5 1 0 1 1 0 0.400000 0
952738712 0 852815600 0 952716744 852152776
1.000000 1.000000 1.000000
1.000000 1.000000 1.000000
0.000000 0.000000 0.000000
0.000000 0.000000 0.000000
0.000000 0.000000 1.000000 -0.549190 0.835697 0.000000 -0.835697 -0.549190 0.000000
0.000000 0.000000 1.000000 -0.549190 0.835697 0.000000 -0.835697 -0.549190 0.000000
1.000000 0.000000 0.000000 0.000000 1.000000 0.000000 0.000000 0.000000 1.000000
0.000000 0.001623 -0.999999 -0.000000 0.999999 0.001623 1.000000 0.000000 0.000000
-0.615201 4.297847 -0.000000
0.000000 0.000000 3.358974
-2.142218 0.003476 0.000000
0.000000 0.000000 0.000000
952740752
IK A 22
952740752
2 2 0 1 1 0 0.400000 0
952742792 0 852815600 0 952717024 0
1.000000 1.000000 1.000000
1.000000 1.000000 1.000000
0.000000 0.000000 0.000000
0.000000 0.000000 0.000000
0.000000 -0.000000 1.000000 -0.435412 0.900231 0.000000 -0.900231 -0.435412 0.000000
0.000000 -0.000000 1.000000 -0.435412 0.900231 0.000000 -0.900231 -0.435412 0.000000
1.000000 -0.000000 0.000000 0.000000 0.991445 -0.130526 -0.000000 0.130526 0.991445
0.000000 -0.023419 -0.999726 -0.000000 0.999726 -0.023419 1.000000 0.000000 0.000000
-0.615201 4.297847 -0.000000
0.000000 0.000000 0.000000
-2.142218 0.003476 0.000000
0.000000 0.000000 0.000000
952741976
952740344
Locator 12
952741976
0 1 1 1 1 0 0.400000 0
952740752 0 852815600 952702000 0 0
1.000000 1.000000 1.000000
1.000000 1.000000 1.000000
0.000000 0.000000 0.000000
0.000000 0.000000 0.000000
-0.424526 0.877726 0.000000 -0.000000 0.000000 -0.975000 -0.900231 -0.435412 0.000000
-0.424526 0.877726 0.000000 -0.000000 0.000000 -0.975000 -0.900231 -0.435412 0.000000
0.000000 -0.023419 -0.999726 0.000000 0.999726 -0.023419 1.000000 0.000000 0.000000
0.727420 -0.000000 -0.686193 0.686193 0.000000 0.727420 0.000000 -1.000000 0.000000
-0.615201 4.297847 -0.000000
0.000000 0.000000 0.000000
-2.142218 0.003476 0.000000
0.000000 0.000000 0.000000
952739120
Locator 13
952739120
1 1 0 1 1 0 0.400000 0
952741976 0 852815600 952702000 0 0
1.000000 1.000000 1.000000
1.000000 1.000000 1.000000
0.000000 0.000000 0.000000
0.000000 0.000000 0.000000
-0.424526 0.877726 0.000000 -0.000000 0.000000 -0.975000 -0.900231 -0.435412 0.000000
-0.424526 0.877726 0.000000 -0.000000 0.000000 -0.975000 -0.900231 -0.435412 0.000000
0.727420 0.000000 -0.686193 0.686193 0.000000 0.727420 0.000000 -1.000000 0.000000
0.727420 -0.000000 -0.686193 0.686193 0.000000 0.727420 0.000000 -1.000000 0.000000
-2.388521 3.440152 -0.000000
-0.000000 0.000000 1.969849
-3.371032 1.306119 0.000000
0.000000 0.000000 0.000000
952738304
Locator 14
952738304
0 1 0 1 1 0 0.400000 0
952739120 0 852815600 952701184 0 0
1.000000 1.000000 1.000000
1.000000 1.000000 1.000000
0.000000 0.000000 0.000000
0.000000 0.000000 0.000000
0.424527 -0.877725 -0.000000 0.000000 -0.000000 0.975000 -0.900231 -0.435413 0.000000
0.424527 -0.877725 -0.000000 0.000000 -0.000000 0.975000 -0.900231 -0.435413 0.000000
0.727420 0.000000 -0.686193 0.686193 0.000000 0.727420 0.000000 -1.000000 0.000000
0.807481 0.000000 -0.589894 -0.589894 0.000000 -0.807481 0.000000 1.000000 0.000000
-2.388521 3.440152 -0.000000
0.000000 0.000000 0.000000
-3.371032 1.306119 0.000000
0.000000 0.000000 0.000000
952739528
Locator 15
952739528
1 0 0 1 1 0 0.400000 0
952738304 0 852815600 952701184 0 0
1.000000 1.000000 1.000000
1.000000 1.000000 1.000000
0.000000 0.000000 0.000000
0.000000 0.000000 0.000000
0.424527 -0.877725 -0.000000 0.000000 -0.000000 0.975000 -0.900231 -0.435413 0.000000
0.424527 -0.877725 -0.000000 0.000000 -0.000000 0.975000 -0.900231 -0.435413 0.000000
0.807481 0.000000 -0.589894 -0.589894 0.000000 -0.807481 0.000000 1.000000 0.000000
0.807481 0.000000 -0.589894 -0.589894 0.000000 -0.807481 0.000000 1.000000 0.000000
-4.049748 2.636670 0.000000
0.000000 -0.000000 1.845335
-4.360625 -0.048492 0.000000
0.000000 0.000000 0.000000
IK B 23
952740344
5 1 0 1 1 0 0.400000 0
952740752 0 852815600 0 952717024 852152816
1.000000 1.000000 1.000000
1.000000 1.000000 1.000000
0.000000 0.000000 0.000000
0.000000 0.000000 0.000000
0.000000 -0.000000 1.000000 -0.435412 0.900231 0.000000 -0.900231 -0.435412 0.000000
0.000000 -0.000000 1.000000 -0.435412 0.900231 0.000000 -0.900231 -0.435412 0.000000
1.000000 0.000000 0.000000 0.000000 1.000000 0.000000 0.000000 0.000000 1.000000
0.000000 -0.023419 -0.999726 -0.000000 0.999726 -0.023419 1.000000 0.000000 0.000000
-4.049749 2.636670 0.000000
-0.000000 0.000000 3.815184
-4.360625 -0.048492 0.000000
0.000000 0.000000 0.000000
952743200
IK A 24
952743200
2 2 0 1 1 0 0.400000 0
952740344 0 852815600 0 952717304 0
1.000000 1.000000 1.000000
1.000000 1.000000 1.000000
0.000000 0.000000 0.000000
0.000000 0.000000 0.000000
0.000000 -0.000000 1.000000 -0.295729 0.955272 0.000000 -0.955272 -0.295729 0.000000
0.000000 -0.000000 1.000000 -0.295729 0.955272 0.000000 -0.955272 -0.295729 0.000000
1.000000 -0.000000 0.000000 0.000000 0.988730 -0.149713 -0.000000 0.149713 0.988730
0.000000 0.024516 -0.999699 0.000000 0.999699 0.024516 1.000000 -0.000000 0.000000
-4.049749 2.636670 0.000000
0.000000 0.000000 0.000000
-4.360625 -0.048492 0.000000
0.000000 0.000000 0.000000
952735856
952749168
Locator 16
952735856
0 1 1 1 1 0 0.400000 0
952743200 0 852815600 952701048 0 0
1.000000 1.000000 1.000000
1.000000 1.000000 1.000000
0.000000 0.000000 0.000000
0.000000 0.000000 0.000000
-0.288013 0.930347 0.000000 -0.000000 0.000000 -0.973908 -0.955272 -0.295729 0.000000
-0.288013 0.930347 0.000000 -0.000000 0.000000 -0.973908 -0.955272 -0.295729 0.000000
0.000000 0.024516 -0.999699 0.000000 0.999699 0.024516 1.000000 0.000000 0.000000
0.801944 0.000000 -0.597399 0.597399 0.000000 0.801944 0.000000 -1.000000 0.000000
-4.049749 2.636670 0.000000
0.000000 0.000000 0.000000
-4.360625 -0.048492 0.000000
0.000000 0.000000 0.000000
952736264
Locator 17
952736264
1 1 0 1 1 0 0.400000 0
952735856 0 852815600 952701048 0 0
1.000000 1.000000 1.000000
1.000000 1.000000 1.000000
0.000000 0.000000 0.000000
0.000000 0.000000 0.000000
-0.288013 0.930347 0.000000 -0.000000 0.000000 -0.973908 -0.955272 -0.295729 0.000000
-0.288013 0.930347 0.000000 -0.000000 0.000000 -0.973908 -0.955272 -0.295729 0.000000
0.801944 0.000000 -0.597399 0.597399 0.000000 0.801944 0.000000 -1.000000 0.000000
0.801944 0.000000 -0.597399 0.597399 0.000000 0.801944 0.000000 -1.000000 0.000000
-6.047415 2.018241 0.000001
0.000000 -0.000000 2.083203
-5.491845 1.470048 0.000000
0.000000 0.000000 0.000000
952741160
Locator 18
952741160
0 1 0 1 1 0 0.400000 0
952736264 0 852815600 952700232 0 0
1.000000 1.000000 1.000000
1.000000 1.000000 1.000000
0.000000 0.000000 0.000000
0.000000 0.000000 0.000000
0.288012 -0.930347 -0.000000 0.000000 -0.000000 0.973908 -0.955272 -0.295729 0.000000
0.288012 -0.930347 -0.000000 0.000000 -0.000000 0.973908 -0.955272 -0.295729 0.000000
0.801944 0.000000 -0.597399 0.597399 0.000000 0.801944 0.000000 -1.000000 0.000000
0.815197 0.000000 -0.579183 -0.579183 0.000000 -0.815197 0.000000 1.000000 0.000000
-6.047415 2.018241 0.000001
0.000000 0.000000 0.000000
-5.491845 1.470048 0.000000
0.000000 0.000000 0.000000
952741568
Locator 19
952741568
1 0 0 1 1 0 0.400000 0
952741160 0 852815600 952700232 0 0
1.000000 1.000000 1.000000
1.000000 1.000000 1.000000
0.000000 0.000000 0.000000
0.000000 0.000000 0.000000
0.288012 -0.930347 -0.000000 0.000000 -0.000000 0.973908 -0.955272 -0.295729 0.000000
0.288012 -0.930347 -0.000000 0.000000 -0.000000 0.973908 -0.955272 -0.295729 0.000000
0.815197 0.000000 -0.579183 -0.579183 0.000000 -0.815197 0.000000 1.000000 0.000000
0.815197 0.000000 -0.579183 -0.579183 0.000000 -0.815197 0.000000 1.000000 0.000000
-7.943665 1.431209 0.000001
0.000000 -0.000000 1.977444
-6.532894 0.004779 0.000000
0.000000 0.000000 0.000000
IK B 25
952749168
5 0 0 1 1 0 0.400000 0
952743200 0 852815600 0 952717304 852151656
1.000000 1.000000 1.000000
1.000000 1.000000 1.000000
0.000000 0.000000 0.000000
0.000000 0.000000 0.000000
0.000000 -0.000000 1.000000 -0.295729 0.955272 0.000000 -0.955272 -0.295729 0.000000
0.000000 -0.000000 1.000000 -0.295729 0.955272 0.000000 -0.955272 -0.295729 0.000000
1.000000 0.000000 0.000000 0.000000 1.000000 0.000000 0.000000 0.000000 1.000000
0.000000 0.024516 -0.999699 0.000000 0.999699 0.024516 1.000000 -0.000000 0.000000
-7.943665 1.431209 0.000001
0.000000 -0.000000 4.060647
-6.532894 0.004779 0.000000
0.000000 0.000000 0.000000
Constraint 28
952751616
0 1 0 1 1 0 0.800000 0
785301760 0 0 0 0 852151656
1.000000 1.000000 1.000000
1.000000 1.000000 1.000000
0.000000 0.000000 0.000000
0.000000 0.000000 0.000000
1.000000 0.000000 0.000000 0.000000 1.000000 0.000000 0.000000 0.000000 1.000000
1.000000 0.000000 0.000000 0.000000 1.000000 0.000000 0.000000 0.000000 1.000000
1.000000 0.000000 0.000000 0.000000 1.000000 0.000000 0.000000 0.000000 1.000000
1.000000 0.000000 0.000000 0.000000 1.000000 0.000000 0.000000 0.000000 1.000000
-10.390496 0.673784 0.000001
0.000000 0.000000 0.000000
-6.532894 0.004779 0.000000
0.000000 0.000000 0.000000
952750800
Constraint 27
952750800
0 1 0 1 1 0 0.800000 0
952751616 0 0 0 0 852152816
1.000000 1.000000 1.000000
1.000000 1.000000 1.000000
0.000000 0.000000 0.000000
0.000000 0.000000 0.000000
1.000000 0.000000 0.000000 0.000000 1.000000 0.000000 0.000000 0.000000 1.000000
1.000000 0.000000 0.000000 0.000000 1.000000 0.000000 0.000000 0.000000 1.000000
1.000000 0.000000 0.000000 0.000000 1.000000 0.000000 0.000000 0.000000 1.000000
1.000000 0.000000 0.000000 0.000000 1.000000 0.000000 0.000000 0.000000 1.000000
-8.218227 0.620514 0.000001
2.172269 -0.053270 0.000000
-4.360625 -0.048492 0.000000
0.000000 0.000000 0.000000
952746720
Constraint 26
952746720
0 0 0 1 1 0 0.800000 0
952750800 0 0 0 0 852152776
1.000000 1.000000 1.000000
1.000000 1.000000 1.000000
0.000000 0.000000 0.000000
0.000000 0.000000 0.000000
1.000000 0.000000 0.000000 0.000000 1.000000 0.000000 0.000000 0.000000 1.000000
1.000000 0.000000 0.000000 0.000000 1.000000 0.000000 0.000000 0.000000 1.000000
1.000000 0.000000 0.000000 0.000000 1.000000 0.000000 0.000000 0.000000 1.000000
1.000000 0.000000 0.000000 0.000000 1.000000 0.000000 0.000000 0.000000 1.000000
-5.962974 0.783480 0.000001
2.255254 0.162966 0.000000
-2.142218 0.003476 0.000000
0.000000 0.000000 0.000000
Locator 7
952751208
4 1 0 1 1 0 0.400000 0
785301760 0 952686320 0 0 0
1.000000 1.000000 1.000000
1.000000 1.000000 1.000000
0.000000 0.000000 0.000000
0.000000 0.000000 0.000000
1.000000 0.000000 0.000000 0.000000 1.000000 0.000000 0.000000 0.000000 1.000000
1.000000 0.000000 0.000000 0.000000 1.000000 0.000000 0.000000 0.000000 1.000000
1.000000 0.000000 0.000000 0.000000 1.000000 0.000000 0.000000 0.000000 1.000000
1.000000 0.000000 0.000000 0.000000 1.000000 0.000000 0.000000 0.000000 1.000000
4.615669 4.208411 -0.000001
0.000000 0.000000 0.000000
0.000000 0.000000 0.000000
0.000000 0.000000 0.000000
952745496
IK A 20
952745496
2 2 0 1 1 0 0.400000 0
952751208 0 952686320 0 952819984 0
1.000000 1.000000 1.000000
1.000000 1.000000 1.000000
0.000000 0.000000 0.000000
0.000000 0.000000 0.000000
0.000000 -0.000000 1.000000 -0.293584 0.955933 0.000000 -0.955933 -0.293584 0.000000
0.000000 -0.000000 1.000000 -0.293584 0.955933 0.000000 -0.955933 -0.293584 0.000000
0.000000 0.000000 1.000000 -0.293584 0.955933 0.000000 -0.955933 -0.293584 0.000000
0.000000 0.001623 -0.999999 -0.000000 0.999999 0.001623 1.000000 0.000000 0.000000
4.615669 4.208411 -0.000001
0.000000 0.000000 0.000000
0.000000 0.000000 0.000000
0.000000 0.000000 0.000000
952749576
952752024
Locator 8
952749576
0 1 1 1 1 0 0.400000 0
952745496 0 952686320 952700368 0 0
1.000000 1.000000 1.000000
1.000000 1.000000 1.000000
0.000000 0.000000 0.000000
0.000000 0.000000 0.000000
-0.286244 0.932035 0.000000 -0.000000 0.000000 -0.975000 -0.955933 -0.293584 0.000000
-0.286244 0.932035 0.000000 -0.000000 0.000000 -0.975000 -0.955933 -0.293584 0.000000
0.000000 0.001623 -0.999999 0.000000 0.999999 0.001623 1.000000 0.000000 0.000000
0.699116 0.000000 -0.715008 0.715008 0.000000 0.699116 0.000000 -1.000000 0.000000
4.615669 4.208411 -0.000001
0.000000 0.000000 0.000000
0.000000 0.000000 0.000000
0.000000 0.000000 0.000000
952752432
Locator 9
952752432
1 1 0 1 1 0 0.400000 0
952749576 0 952686320 952700368 0 0
1.000000 1.000000 1.000000
1.000000 1.000000 1.000000
0.000000 0.000000 0.000000
0.000000 0.000000 0.000000
-0.286244 0.932035 0.000000 -0.000000 0.000000 -0.975000 -0.955933 -0.293584 0.000000
-0.286244 0.932035 0.000000 -0.000000 0.000000 -0.975000 -0.955933 -0.293584 0.000000
0.699116 0.000000 -0.715008 0.715008 0.000000 0.699116 0.000000 -1.000000 0.000000
0.699116 0.000000 -0.715008 0.715008 0.000000 0.699116 0.000000 -1.000000 0.000000
2.977134 3.705188 -0.000001
-0.000001 0.000000 1.714067
-1.114156 1.089393 0.000000
0.000000 0.000000 0.000000
952749984
Locator 10
952749984
0 1 0 1 1 0 0.400000 0
952752432 0 952686320 952699960 0 0
1.000000 1.000000 1.000000
1.000000 1.000000 1.000000
0.000000 0.000000 0.000000
0.000000 0.000000 0.000000
0.286244 -0.932035 -0.000000 0.000000 0.000000 0.975000 -0.955934 -0.293583 0.000000
0.286244 -0.932035 -0.000000 0.000000 0.000000 0.975000 -0.955934 -0.293583 0.000000
0.699116 0.000000 -0.715008 0.715008 0.000000 0.699116 0.000000 -1.000000 0.000000
0.726187 0.000000 -0.687497 -0.687497 0.000000 -0.726187 0.000000 1.000000 0.000000
2.977134 3.705188 -0.000001
0.000000 0.000000 0.000000
-1.114156 1.089393 0.000000
0.000000 0.000000 0.000000
952745088
Locator 11
952745088
1 0 0 1 1 0 0.400000 0
952749984 0 952686320 952699960 0 0
1.000000 1.000000 1.000000
1.000000 1.000000 1.000000
0.000000 0.000000 0.000000
0.000000 0.000000 0.000000
0.286244 -0.932035 -0.000000 0.000000 0.000000 0.975000 -0.955934 -0.293583 0.000000
0.286244 -0.932035 -0.000000 0.000000 0.000000 0.975000 -0.955934 -0.293583 0.000000
0.726187 0.000000 -0.687497 -0.687497 0.000000 -0.726187 0.000000 1.000000 0.000000
0.726187 0.000000 -0.687497 -0.687497 0.000000 -0.726187 0.000000 1.000000 0.000000
1.404714 3.222271 -0.000001
-0.000000 0.000000 1.644904
-2.142218 0.003476 0.000000
0.000000 0.000000 0.000000
IK B 21
952752024
5 1 0 1 1 0 0.400000 0
952745496 0 952686320 0 952819984 852151696
1.000000 1.000000 1.000000
1.000000 1.000000 1.000000
0.000000 0.000000 0.000000
0.000000 0.000000 0.000000
0.000000 0.000000 1.000000 -0.293584 0.955933 0.000000 -0.955933 -0.293584 0.000000
0.000000 0.000000 1.000000 -0.293584 0.955933 0.000000 -0.955933 -0.293584 0.000000
1.000000 0.000000 0.000000 0.000000 1.000000 0.000000 0.000000 0.000000 1.000000
0.000000 0.001623 -0.999999 -0.000000 0.999999 0.001623 1.000000 0.000000 0.000000
1.404715 3.222271 -0.000001
0.000000 0.000002 3.358972
-2.142218 0.003476 0.000000
0.000000 0.000000 0.000000
952750392
IK A 22
952750392
2 2 0 1 1 0 0.400000 0
952752024 0 952686320 0 952662648 0
1.000000 1.000000 1.000000
1.000000 1.000000 1.000000
0.000000 0.000000 0.000000
0.000000 0.000000 0.000000
0.000000 -0.000000 1.000000 -0.227272 0.973831 0.000000 -0.973831 -0.227272 0.000000
0.000000 -0.000000 1.000000 -0.227272 0.973831 0.000000 -0.973831 -0.227272 0.000000
1.000000 0.000000 0.000000 0.000000 0.997641 -0.068644 -0.000000 0.068644 0.997641
0.000000 -0.023419 -0.999726 -0.000000 0.999726 -0.023419 1.000000 0.000000 0.000000
1.404715 3.222271 -0.000001
0.000000 0.000000 0.000000
-2.142218 0.003476 0.000000
0.000000 0.000000 0.000000
952744680
952747536
Locator 12
952744680
0 1 1 1 1 0 0.400000 0
952750392 0 952686320 952700096 0 0
1.000000 1.000000 1.000000
1.000000 1.000000 1.000000
0.000000 0.000000 0.000000
0.000000 0.000000 0.000000
-0.221589 0.949486 0.000000 -0.000000 0.000000 -0.975000 -0.973831 -0.227271 0.000000
-0.221589 0.949486 0.000000 -0.000000 0.000000 -0.975000 -0.973831 -0.227271 0.000000
0.000000 -0.023419 -0.999726 0.000000 0.999726 -0.023419 1.000000 0.000000 0.000000
0.727420 -0.000000 -0.686193 0.686193 0.000000 0.727420 0.000000 -1.000000 0.000000
1.404715 3.222271 -0.000001
0.000000 0.000000 0.000000
-2.142218 0.003476 0.000000
0.000000 0.000000 0.000000
952745904
Locator 13
952745904
1 1 0 1 1 0 0.400000 0
952744680 0 952686320 952700096 0 0
1.000000 1.000000 1.000000
1.000000 1.000000 1.000000
0.000000 0.000000 0.000000
0.000000 0.000000 0.000000
-0.221589 0.949486 0.000000 -0.000000 0.000000 -0.975000 -0.973831 -0.227271 0.000000
-0.221589 0.949486 0.000000 -0.000000 0.000000 -0.975000 -0.973831 -0.227271 0.000000
0.727420 0.000000 -0.686193 0.686193 0.000000 0.727420 0.000000 -1.000000 0.000000
0.727420 -0.000000 -0.686193 0.686193 0.000000 0.727420 0.000000 -1.000000 0.000000
-0.513586 2.774581 -0.000000
0.000001 -0.000001 1.969849
-3.371032 1.306119 0.000000
0.000000 0.000000 0.000000
952746312
Locator 14
952746312
0 1 0 1 1 0 0.400000 0
952745904 0 952686320 952700504 0 0
1.000000 1.000000 1.000000
1.000000 1.000000 1.000000
0.000000 0.000000 0.000000
0.000000 0.000000 0.000000
0.221590 -0.949485 -0.000000 0.000000 -0.000000 0.975000 -0.973831 -0.227272 0.000000
0.221590 -0.949485 -0.000000 0.000000 -0.000000 0.975000 -0.973831 -0.227272 0.000000
0.727420 0.000000 -0.686193 0.686193 0.000000 0.727420 0.000000 -1.000000 0.000000
0.807481 0.000000 -0.589894 -0.589894 0.000000 -0.807481 0.000000 1.000000 0.000000
-0.513586 2.774581 -0.000000
0.000000 0.000000 0.000000
-3.371032 1.306119 0.000000
0.000000 0.000000 0.000000
952747128
Locator 15
952747128
1 0 0 1 1 0 0.400000 0
952746312 0 952686320 952700504 0 0
1.000000 1.000000 1.000000
1.000000 1.000000 1.000000
0.000000 0.000000 0.000000
0.000000 0.000000 0.000000
0.221590 -0.949485 -0.000000 0.000000 -0.000000 0.975000 -0.973831 -0.227272 0.000000
0.221590 -0.949485 -0.000000 0.000000 -0.000000 0.975000 -0.973831 -0.227272 0.000000
0.807481 0.000000 -0.589894 -0.589894 0.000000 -0.807481 0.000000 1.000000 0.000000
0.807481 0.000000 -0.589894 -0.589894 0.000000 -0.807481 0.000000 1.000000 0.000000
-2.310631 2.355187 -0.000000
0.000000 0.000000 1.845335
-4.360625 -0.048492 0.000000
0.000000 0.000000 0.000000
IK B 23
952747536
5 1 0 1 1 0 0.400000 0
952750392 0 952686320 0 952662648 852152856
1.000000 1.000000 1.000000
1.000000 1.000000 1.000000
0.000000 0.000000 0.000000
0.000000 0.000000 0.000000
0.000000 -0.000000 1.000000 -0.227272 0.973831 0.000000 -0.973831 -0.227272 0.000000
0.000000 -0.000000 1.000000 -0.227272 0.973831 0.000000 -0.973831 -0.227272 0.000000
1.000000 0.000000 0.000000 0.000000 1.000000 0.000000 0.000000 0.000000 1.000000
0.000000 -0.023419 -0.999726 -0.000000 0.999726 -0.023419 1.000000 0.000000 0.000000
-2.310631 2.355187 -0.000000
0.000001 0.000001 3.815186
-4.360625 -0.048492 0.000000
0.000000 0.000000 0.000000
952747944
IK A 24
952747944
2 2 0 1 1 0 0.400000 0
952747536 0 952686320 0 952755512 0
1.000000 1.000000 1.000000
1.000000 1.000000 1.000000
0.000000 0.000000 0.000000
0.000000 0.000000 0.000000
0.000000 -0.000000 1.000000 -0.132802 0.991143 0.000000 -0.991143 -0.132802 0.000000
0.000000 -0.000000 1.000000 -0.132802 0.991143 0.000000 -0.991143 -0.132802 0.000000
1.000000 -0.000000 0.000000 0.000000 0.995388 -0.095932 -0.000000 0.095932 0.995388
0.000000 0.024516 -0.999699 0.000000 0.999699 0.024516 1.000000 -0.000000 0.000000
-2.310631 2.355187 -0.000000
0.000000 0.000000 0.000000
-4.360625 -0.048492 0.000000
0.000000 0.000000 0.000000
952748352
952974896
Locator 16
952748352
0 1 1 1 1 0 0.400000 0
952747944 0 952686320 952701320 0 0
1.000000 1.000000 1.000000
1.000000 1.000000 1.000000
0.000000 0.000000 0.000000
0.000000 0.000000 0.000000
-0.129642 0.967561 0.000000 -0.000000 0.000000 -0.976207 -0.991143 -0.132802 0.000000
-0.129642 0.967561 0.000000 -0.000000 0.000000 -0.976207 -0.991143 -0.132802 0.000000
0.000000 0.024516 -0.999699 0.000000 0.999699 0.024516 1.000000 0.000000 0.000000
0.801944 0.000000 -0.597399 0.597399 0.000000 0.801944 0.000000 -1.000000 0.000000
-2.310631 2.355187 -0.000000
0.000000 0.000000 0.000000
-4.360625 -0.048492 0.000000
0.000000 0.000000 0.000000
952748760
Locator 17
952748760
1 1 0 1 1 0 0.400000 0
952748352 0 952686320 952701320 0 0
1.000000 1.000000 1.000000
1.000000 1.000000 1.000000
0.000000 0.000000 0.000000
0.000000 0.000000 0.000000
-0.129642 0.967561 0.000000 -0.000000 0.000000 -0.976207 -0.991143 -0.132802 0.000000
-0.129642 0.967561 0.000000 -0.000000 0.000000 -0.976207 -0.991143 -0.132802 0.000000
0.801944 0.000000 -0.597399 0.597399 0.000000 0.801944 0.000000 -1.000000 0.000000
0.801944 0.000000 -0.597399 0.597399 0.000000 0.801944 0.000000 -1.000000 0.000000
-4.366049 2.079785 -0.000000
-0.000000 0.000000 1.965475
-5.491845 1.470048 0.000000
0.000000 0.000000 0.000000
952976936
Locator 18
952976936
0 1 0 1 1 0 0.400000 0
952748760 0 952686320 952699688 0 0
1.000000 1.000000 1.000000
1.000000 1.000000 1.000000
0.000000 0.000000 0.000000
0.000000 0.000000 0.000000
0.129642 -0.967561 -0.000000 0.000000 -0.000000 0.976207 -0.991143 -0.132801 0.000000
0.129642 -0.967561 -0.000000 0.000000 -0.000000 0.976207 -0.991143 -0.132801 0.000000
0.801944 0.000000 -0.597399 0.597399 0.000000 0.801944 0.000000 -1.000000 0.000000
0.815197 0.000000 -0.579183 -0.579183 0.000000 -0.815197 0.000000 1.000000 0.000000
-4.366049 2.079785 -0.000000
0.000000 0.000000 0.000000
-5.491845 1.470048 0.000000
0.000000 0.000000 0.000000
952975712
Locator 19
952975712
1 0 0 1 1 0 0.400000 0
952976936 0 952686320 952699688 0 0
1.000000 1.000000 1.000000
1.000000 1.000000 1.000000
0.000000 0.000000 0.000000
0.000000 0.000000 0.000000
0.129642 -0.967561 -0.000000 0.000000 -0.000000 0.976207 -0.991143 -0.132801 0.000000
0.129642 -0.967561 -0.000000 0.000000 -0.000000 0.976207 -0.991143 -0.132801 0.000000
0.815197 0.000000 -0.579183 -0.579183 0.000000 -0.815197 0.000000 1.000000 0.000000
0.815197 0.000000 -0.579183 -0.579183 0.000000 -0.815197 0.000000 1.000000 0.000000
-6.317118 1.818365 -0.000000
-0.000000 0.000000 1.865694
-6.532894 0.004779 0.000000
0.000000 0.000000 0.000000
IK B 25
952974896
5 0 0 1 1 0 0.400000 0
952747944 0 952686320 0 952755512 852152896
