SubcharacterP
2
S Pose 2
851995104
952586600
12
1
1.000000 1.000000 1.000000
1.000000 1.000000 1.000000
0.000000 0.000000 0.000000
-0.601864 0.743547 -0.084475 -0.742243 -0.606950 -0.054077 -0.099196 0.032696 0.994531
0.312216 -0.240066 0.919179 -0.841202 0.379763 0.384914 -0.441475 -0.893391 -0.083376
-0.742966 -0.080263 0.664499 0.589981 0.390336 0.706796 -0.316108 0.917167 -0.242653
-1.596387 -0.326710 0.990402
0.000000 0.000000 0.000000
0
1
1.000000 1.000000 1.000000
1.000000 1.000000 1.000000
0.000000 0.000000 0.000000
-0.601864 0.743547 -0.084475 -0.742243 -0.606950 -0.054077 -0.099196 0.032696 0.994531
-0.742966 -0.080263 0.664499 0.589981 0.390336 0.706796 -0.316108 0.917167 -0.242653
-0.742966 -0.080263 0.664499 0.589981 0.390336 0.706796 -0.316108 0.917167 -0.242653
1.400724 1.312237 0.756410
0.000000 0.000000 0.000000
1
1
1.000000 1.000000 1.000000
1.000000 1.000000 1.000000
0.000000 0.000000 0.000000
-0.749214 0.593328 -0.094234 -0.593164 -0.754462 -0.034357 -0.099195 0.032697 0.994531
-0.742966 -0.080263 0.664499 0.589981 0.390336 0.706796 -0.316108 0.917167 -0.242653
-0.716334 0.005734 0.697734 0.684662 0.198598 0.701282 -0.134548 0.980064 -0.146189
1.400724 1.312237 0.756410
0.000000 0.000000 0.000000
0
1
1.000000 1.000000 1.000000
1.000000 1.000000 1.000000
0.000000 0.000000 0.000000
-0.749214 0.593328 -0.094234 -0.593164 -0.754462 -0.034357 -0.099195 0.032697 0.994531
-0.716334 0.005734 0.697734 0.684662 0.198597 0.701282 -0.134548 0.980064 -0.146189
-0.716334 0.005734 0.697734 0.684662 0.198598 0.701282 -0.134548 0.980064 -0.146189
3.807553 2.628393 0.568502
0.000000 0.000000 0.000000
1
1
1.000000 1.000000 1.000000
1.000000 1.000000 1.000000
0.000000 0.000000 0.000000
-0.945517 0.135949 -0.098775 -0.138435 -0.950143 0.017430 -0.099195 0.032696 0.994531
-0.716334 0.005734 0.697734 0.684662 0.198597 0.701282 -0.134548 0.980064 -0.146189
-0.464036 0.202099 0.862454 0.816753 -0.279283 0.504891 0.342907 0.938700 -0.035468
3.807553 2.628393 0.568502
0.000000 0.000000 0.000000
0
1
1.000000 1.000000 1.000000
1.000000 1.000000 1.000000
0.000000 0.000000 0.000000
-0.945517 0.135949 -0.098775 -0.138435 -0.950143 0.017430 -0.099195 0.032696 0.994531
-0.464037 0.202099 0.862454 0.816753 -0.279284 0.504891 0.342906 0.938699 -0.035469
-0.464036 0.202099 0.862454 0.816753 -0.279283 0.504891 0.342907 0.938700 -0.035468
5.547176 3.579693 0.432686
0.000000 0.000000 0.000000
1
1
1.000000 1.000000 1.000000
1.000000 1.000000 1.000000
0.000000 0.000000 0.000000
0.490748 -0.821970 0.075972 0.819959 0.495598 0.065489 -0.099195 0.032697 0.994531
-0.464037 0.202099 0.862454 0.816753 -0.279284 0.504891 0.342906 0.938699 -0.035469
-0.391292 0.134030 0.910454 -0.817575 -0.504783 -0.277064 0.422447 -0.852778 0.307097
5.547176 3.579693 0.432686
0.000000 0.000000 0.000000
0
1
1.000000 1.000000 1.000000
1.000000 1.000000 1.000000
0.000000 0.000000 0.000000
0.490748 -0.821970 0.075972 0.819959 0.495598 0.065489 -0.099195 0.032697 0.994531
-0.391291 0.134029 0.910454 -0.817575 -0.504783 -0.277064 0.422447 -0.852778 0.307097
-0.391292 0.134030 0.910454 -0.817575 -0.504783 -0.277064 0.422447 -0.852778 0.307097
7.588534 4.695995 0.273311
0.000000 0.000000 0.000000
1
1
1.000000 1.000000 1.000000
1.000000 1.000000 1.000000
0.000000 0.000000 0.000000
0.636665 -0.713676 0.086964 0.712617 0.641809 0.049975 -0.099195 0.032696 0.994531
-0.391291 0.134029 0.910454 -0.817575 -0.504783 -0.277064 0.422447 -0.852778 0.307097
-0.064822 0.061735 0.995985 -0.935965 -0.349900 -0.039227 0.346074 -0.934751 0.080463
7.588534 4.695995 0.273311
0.000000 0.000000 0.000000
0
1
1.000000 1.000000 1.000000
1.000000 1.000000 1.000000
0.000000 0.000000 0.000000
0.636665 -0.713676 0.086964 0.712617 0.641809 0.049975 -0.099195 0.032696 0.994531
-0.064821 0.061736 0.995984 -0.935965 -0.349900 -0.039228 0.346074 -0.934751 0.080463
-0.064822 0.061735 0.995985 -0.935965 -0.349900 -0.039227 0.346074 -0.934751 0.080463
9.162509 5.556709 0.150427
0.000000 0.000000 0.000000
1
1
1.000000 1.000000 1.000000
1.000000 1.000000 1.000000
0.000000 0.000000 0.000000
0.918664 0.267266 0.082841 -0.263097 0.921857 -0.056550 -0.099195 0.032697 0.994531
-0.064821 0.061736 0.995984 -0.935965 -0.349900 -0.039228 0.346074 -0.934751 0.080463
0.013666 -0.323342 0.946184 -0.755374 0.616671 0.221647 -0.655152 -0.717751 -0.235816
9.162509 5.556709 0.150427
0.000000 0.000000 0.000000
0
1
1.000000 1.000000 1.000000
1.000000 1.000000 1.000000
0.000000 0.000000 0.000000
0.918664 0.267266 0.082841 -0.263097 0.921857 -0.056550 -0.099195 0.032697 0.994531
0.013667 -0.323341 0.946183 -0.755374 0.616671 0.221647 -0.655152 -0.717751 -0.235817
0.013666 -0.323342 0.946184 -0.755374 0.616671 0.221647 -0.655152 -0.717751 -0.235816
11.779900 6.988010 -0.053920
0.000000 0.000000 0.000000
1
S Pose 3
811789616
952586600
12
1
1.000000 1.000000 1.000000
1.000000 1.000000 1.000000
0.000000 0.000000 0.000000
-0.609021 0.704922 -0.364859 -0.756583 -0.654613 -0.001856 -0.239923 0.274658 0.931129
0.312216 -0.240066 0.919179 -0.841202 0.379763 0.384914 -0.441475 -0.893391 -0.083376
-0.742966 -0.080263 0.664499 0.589981 0.390336 0.706796 -0.316108 0.917167 -0.242653
-1.328883 -0.930748 -2.248861
0.000000 0.000000 0.000000
0
1
1.000000 1.000000 1.000000
1.000000 1.000000 1.000000
0.000000 0.000000 0.000000
-0.609021 0.704922 -0.364859 -0.756583 -0.654613 -0.001856 -0.239923 0.274658 0.931129
-0.742966 -0.080263 0.664499 0.589981 0.390336 0.706796 -0.316108 0.917167 -0.242653
-0.742966 -0.080263 0.664499 0.589981 0.390336 0.706796 -0.316108 0.917167 -0.242653
-0.199388 1.115014 -0.447500
0.000000 0.000000 0.000000
1
1
1.000000 1.000000 1.000000
1.000000 1.000000 1.000000
0.000000 0.000000 0.000000
-0.759298 0.565423 -0.323585 -0.595686 -0.803775 -0.006703 -0.263628 0.187491 0.946228
-0.742966 -0.080263 0.664499 0.589981 0.390336 0.706796 -0.316108 0.917167 -0.242653
-0.716334 0.005734 0.697734 0.684662 0.198598 0.701282 -0.134548 0.980064 -0.146189
-0.199388 1.115014 -0.447500
0.000000 0.000000 0.000000
0
1
1.000000 1.000000 1.000000
1.000000 1.000000 1.000000
0.000000 0.000000 0.000000
-0.759298 0.565423 -0.323585 -0.595686 -0.803775 -0.006703 -0.263628 0.187491 0.946228
-0.716334 0.005734 0.697734 0.684662 0.198597 0.701282 -0.134548 0.980064 -0.146189
-0.716334 0.005734 0.697734 0.684662 0.198598 0.701282 -0.134548 0.980064 -0.146189
0.610100 2.653383 1.162350
0.000000 0.000000 0.000000
1
1
1.000000 1.000000 1.000000
1.000000 1.000000 1.000000
0.000000 0.000000 0.000000
-0.987776 0.114485 -0.110159 -0.113345 -0.993891 -0.016560 -0.111275 -0.003860 0.993783
-0.716334 0.005734 0.697734 0.684662 0.198597 0.701282 -0.134548 0.980064 -0.146189
-0.464036 0.202099 0.862454 0.816753 -0.279283 0.504891 0.342907 0.938700 -0.035468
0.610100 2.653383 1.162350
0.000000 0.000000 0.000000
0
1
1.000000 1.000000 1.000000
1.000000 1.000000 1.000000
0.000000 0.000000 0.000000
-0.987776 0.114485 -0.110159 -0.113345 -0.993891 -0.016560 -0.111275 -0.003860 0.993783
-0.464037 0.202099 0.862454 0.816753 -0.279284 0.504891 0.342906 0.938699 -0.035469
-0.464036 0.202099 0.862454 0.816753 -0.279283 0.504891 0.342907 0.938700 -0.035468
1.328143 3.409491 2.520245
0.000000 0.000000 0.000000
1
1
1.000000 1.000000 1.000000
1.000000 1.000000 1.000000
0.000000 0.000000 0.000000
0.402450 -0.627756 -0.667006 0.841602 0.540967 -0.001338 0.361330 -0.560289 0.745333
-0.464037 0.202099 0.862454 0.816753 -0.279284 0.504891 0.342906 0.938699 -0.035469
-0.391292 0.134030 0.910454 -0.817575 -0.504783 -0.277064 0.422447 -0.852778 0.307097
1.328143 3.409491 2.520245
0.000000 0.000000 0.000000
0
1
1.000000 1.000000 1.000000
1.000000 1.000000 1.000000
0.000000 0.000000 0.000000
0.402450 -0.627756 -0.667006 0.841602 0.540967 -0.001338 0.361330 -0.560289 0.745333
-0.391291 0.134029 0.910454 -0.817575 -0.504783 -0.277064 0.422447 -0.852778 0.307097
-0.391292 0.134030 0.910454 -0.817575 -0.504783 -0.277064 0.422447 -0.852778 0.307097
2.275179 2.751186 4.167540
0.000000 0.000000 0.000000
1
1
1.000000 1.000000 1.000000
1.000000 1.000000 1.000000
0.000000 0.000000 0.000000
0.626025 -0.655432 -0.423609 0.724425 0.690030 0.002927 0.290114 -0.308414 0.905935
-0.391291 0.134029 0.910454 -0.817575 -0.504783 -0.277064 0.422447 -0.852778 0.307097
-0.064822 0.061735 0.995985 -0.935965 -0.349900 -0.039227 0.346074 -0.934751 0.080463
2.275179 2.751186 4.167540
0.000000 0.000000 0.000000
0
1
1.000000 1.000000 1.000000
1.000000 1.000000 1.000000
0.000000 0.000000 0.000000
0.626025 -0.655432 -0.423609 0.724425 0.690030 0.002927 0.290114 -0.308414 0.905935
-0.064821 0.061736 0.995984 -0.935965 -0.349900 -0.039228 0.346074 -0.934751 0.080463
-0.064822 0.061735 0.995985 -0.935965 -0.349900 -0.039227 0.346074 -0.934751 0.080463
3.180808 2.685870 5.423217
0.000000 0.000000 0.000000
1
1
1.000000 1.000000 1.000000
1.000000 1.000000 1.000000
0.000000 0.000000 0.000000
0.930722 0.303586 -0.206236 -0.305897 0.952320 0.021369 0.202697 0.043167 0.978291
-0.064821 0.061736 0.995984 -0.935965 -0.349900 -0.039228 0.346074 -0.934751 0.080463
0.013666 -0.323342 0.946184 -0.755374 0.616671 0.221647 -0.655152 -0.717751 -0.235816
3.180808 2.685870 5.423217
0.000000 0.000000 0.000000
0
1
1.000000 1.000000 1.000000
1.000000 1.000000 1.000000
0.000000 0.000000 0.000000
0.930722 0.303586 -0.206236 -0.305897 0.952320 0.021369 0.202697 0.043167 0.978291
0.013667 -0.323341 0.946183 -0.755374 0.616671 0.221647 -0.655152 -0.717751 -0.235817
0.013666 -0.323342 0.946184 -0.755374 0.616671 0.221647 -0.655152 -0.717751 -0.235816
4.918746 3.435306 7.170800
0.000000 0.000000 0.000000
1

