Poses
2
Default 0
1063732704
1063751168
27
1
1.000000 1.000000 1.000000
1.000000 1.000000 1.000000
0.000000 0.000000 0.000000
1.000000 0.000000 0.000000 0.000000 1.000000 0.000000 0.000000 0.000000 1.000000
1.000000 0.000000 0.000000 0.000000 1.000000 0.000000 0.000000 0.000000 1.000000
1.000000 0.000000 0.000000 0.000000 1.000000 0.000000 0.000000 0.000000 1.000000
1.745589 0.839670 0.000000
1.745589 0.839670 0.000000
1
1.000000 1.000000 1.000000
1.000000 1.000000 1.000000
0.000000 0.000000 0.000000
-0.560730 -0.827999 0.000000 0.000000 0.000000 1.000000 -0.827999 0.560730 0.000000
1.000000 0.000000 0.000000 0.000000 1.000000 0.000000 0.000000 0.000000 1.000000
-0.560730 0.000000 -0.827999 -0.827999 0.000000 0.560730 0.000000 1.000000 0.000000
1.745589 0.839670 0.000000
1.745589 0.839670 0.000000
1
1.000000 1.000000 1.000000
1.000000 1.000000 1.000000
0.000000 0.000000 0.000000
-0.560730 -0.827999 0.000000 0.000000 0.000000 1.000000 -0.827999 0.560730 0.000000
-0.560730 0.000000 -0.827999 -0.827999 0.000000 0.560730 0.000000 1.000000 0.000000
-0.560730 0.000000 -0.827999 -0.827999 0.000000 0.560730 0.000000 1.000000 0.000000
0.399439 1.751297 0.000000
0.399439 1.751297 0.000000
1
1.000000 1.000000 1.000000
1.000000 1.000000 1.000000
0.000000 0.000000 0.000000
-0.331588 -0.943425 0.000000 0.000000 0.000000 1.000000 -0.943425 0.331589 0.000000
-0.560730 0.000000 -0.827999 -0.827999 0.000000 0.560730 0.000000 1.000000 0.000000
-0.331588 0.000000 -0.943425 -0.943425 0.000000 0.331589 0.000000 1.000000 0.000000
0.399439 1.751297 0.000000
0.399439 1.751297 0.000000
1
1.000000 1.000000 1.000000
1.000000 1.000000 1.000000
0.000000 0.000000 0.000000
-0.331588 -0.943425 0.000000 0.000000 0.000000 1.000000 -0.943425 0.331589 0.000000
-0.331588 0.000000 -0.943425 -0.943426 0.000000 0.331589 0.000000 1.000000 0.000000
-0.331588 0.000000 -0.943425 -0.943425 0.000000 0.331589 0.000000 1.000000 0.000000
-1.003687 2.244458 0.000000
-1.003687 2.244458 0.000000
1
1.000000 1.000000 1.000000
1.000000 1.000000 1.000000
0.000000 0.000000 0.000000
-0.149401 0.988777 0.000000 0.000000 0.000000 -1.000000 -0.988777 -0.149401 0.000000
0.296284 0.000000 -0.955100 -0.955101 0.000000 -0.296284 0.000000 1.000000 0.000000
-0.149401 0.000000 -0.988777 0.988777 0.000000 -0.149401 0.000000 -1.000000 0.000000
-1.003687 2.244458 0.000000
-1.003687 2.244458 0.000000
1
1.000000 1.000000 1.000000
1.000000 1.000000 1.000000
0.000000 0.000000 0.000000
-0.149401 0.988777 0.000000 0.000000 0.000000 -1.000000 -0.988777 -0.149401 0.000000
-0.149402 0.000000 -0.988777 0.988778 0.000000 -0.149401 0.000000 -1.000000 0.000000
-0.149401 0.000000 -0.988777 0.988777 0.000000 -0.149401 0.000000 -1.000000 0.000000
-2.267674 2.053473 0.000000
-2.267674 2.053473 0.000000
1
1.000000 1.000000 1.000000
1.000000 1.000000 1.000000
0.000000 0.000000 0.000000
0.604551 -0.796566 0.000000 0.000000 0.000000 1.000000 -0.796566 -0.604551 0.000000
-0.149402 0.000000 -0.988777 0.988778 0.000000 -0.149401 0.000000 -1.000000 0.000000
0.604551 0.000000 -0.796566 -0.796566 0.000000 -0.604551 0.000000 1.000000 0.000000
-2.267674 2.053473 0.000000
-2.267674 2.053473 0.000000
1
1.000000 1.000000 1.000000
1.000000 1.000000 1.000000
0.000000 0.000000 0.000000
0.604551 -0.796566 0.000000 0.000000 0.000000 1.000000 -0.796566 -0.604551 0.000000
0.604552 0.000000 -0.796566 -0.796568 0.000000 -0.604552 0.000000 1.000000 0.000000
0.604551 0.000000 -0.796566 -0.796566 0.000000 -0.604551 0.000000 1.000000 0.000000
-3.439458 1.164151 0.000000
-3.439458 1.164151 0.000000
1
1.000000 1.000000 1.000000
1.000000 1.000000 1.000000
0.000000 0.000000 0.000000
0.765382 -0.643576 0.000000 0.000000 0.000000 1.000000 -0.643576 -0.765382 0.000000
0.604552 0.000000 -0.796566 -0.796568 0.000000 -0.604552 0.000000 1.000000 0.000000
0.765382 0.000000 -0.643576 -0.643576 0.000000 -0.765382 0.000000 1.000000 0.000000
-3.439458 1.164151 0.000000
-3.439458 1.164151 0.000000
1
1.000000 1.000000 1.000000
1.000000 1.000000 1.000000
0.000000 0.000000 0.000000
0.765382 -0.643576 0.000000 0.000000 0.000000 1.000000 -0.643576 -0.765382 0.000000
0.765383 0.000000 -0.643575 -0.643579 0.000000 -0.765382 0.000000 1.000000 0.000000
0.765382 0.000000 -0.643576 -0.643576 0.000000 -0.765382 0.000000 1.000000 0.000000
-4.351308 0.079721 0.000000
-4.351308 0.079721 0.000000
1
1.000000 1.000000 1.000000
1.000000 1.000000 1.000000
0.000000 0.000000 0.000000
0.559870 -0.828581 0.000000 0.000000 0.000000 1.000000 -0.828581 -0.559870 0.000000
0.765383 0.000000 -0.643575 -0.643579 0.000000 -0.765382 0.000000 1.000000 0.000000
0.559870 0.000000 -0.828581 -0.828581 0.000000 -0.559870 0.000000 1.000000 0.000000
-4.351308 0.079721 0.000000
-4.351308 0.079721 0.000000
1
1.000000 1.000000 1.000000
1.000000 1.000000 1.000000
0.000000 0.000000 0.000000
0.559870 -0.828581 0.000000 0.000000 0.000000 1.000000 -0.828581 -0.559870 0.000000
0.559871 0.000000 -0.828581 -0.828583 0.000000 -0.559870 0.000000 1.000000 0.000000
0.559870 0.000000 -0.828581 -0.828581 0.000000 -0.559870 0.000000 1.000000 0.000000
-5.430457 -0.649457 0.000000
-5.430457 -0.649457 0.000000
1
1.000000 1.000000 1.000000
1.000000 1.000000 1.000000
0.000000 0.000000 0.000000
0.403833 -0.914833 0.000000 0.000000 0.000000 1.000000 -0.914833 -0.403833 0.000000
0.559871 0.000000 -0.828581 -0.828583 0.000000 -0.559870 0.000000 1.000000 0.000000
0.403833 0.000000 -0.914833 -0.914833 0.000000 -0.403833 0.000000 1.000000 0.000000
-5.430457 -0.649457 0.000000
-5.430457 -0.649457 0.000000
1
1.000000 1.000000 1.000000
1.000000 1.000000 1.000000
0.000000 0.000000 0.000000
0.403833 -0.914833 0.000000 0.000000 0.000000 1.000000 -0.914833 -0.403833 0.000000
0.403835 0.000000 -0.914833 -0.914834 0.000000 -0.403832 0.000000 1.000000 0.000000
0.403833 0.000000 -0.914833 -0.914833 0.000000 -0.403833 0.000000 1.000000 0.000000
-6.764865 -1.238503 0.000000
-6.764865 -1.238503 0.000000
1
1.000000 1.000000 1.000000
1.000000 1.000000 1.000000
0.000000 0.000000 0.000000
-0.185820 0.982584 0.000000 0.000000 0.000000 -1.000000 -0.982584 -0.185820 0.000000
0.403835 0.000000 -0.914833 -0.914834 0.000000 -0.403832 0.000000 1.000000 0.000000
-0.185820 0.000000 -0.982584 0.982584 0.000000 -0.185820 0.000000 -1.000000 0.000000
-6.764865 -1.238503 0.000000
-6.764865 -1.238503 0.000000
1
1.000000 1.000000 1.000000
1.000000 1.000000 1.000000
0.000000 0.000000 0.000000
-0.185820 0.982584 0.000000 0.000000 0.000000 -1.000000 -0.982584 -0.185820 0.000000
-0.185821 0.000000 -0.982585 0.982586 0.000000 -0.185818 0.000000 -1.000000 0.000000
-0.185820 0.000000 -0.982584 0.982584 0.000000 -0.185820 0.000000 -1.000000 0.000000
-8.151531 -1.500740 0.000000
-8.151531 -1.500740 0.000000
1
1.000000 1.000000 1.000000
1.000000 1.000000 1.000000
0.000000 0.000000 0.000000
0.047719 0.998861 0.000000 -0.000000 0.000000 -1.000000 -0.998861 0.047719 0.000000
-0.185821 0.000000 -0.982585 0.982586 0.000000 -0.185818 0.000000 -1.000000 0.000000
0.047719 -0.000000 -0.998861 0.998861 0.000000 0.047719 0.000000 -1.000000 0.000000
-8.151531 -1.500740 0.000000
-8.151531 -1.500740 0.000000
1
1.000000 1.000000 1.000000
1.000000 1.000000 1.000000
0.000000 0.000000 0.000000
0.047719 0.998861 0.000000 -0.000000 0.000000 -1.000000 -0.998861 0.047719 0.000000
0.047718 -0.000000 -0.998862 0.998862 0.000000 0.047722 0.000000 -1.000000 0.000000
0.047719 -0.000000 -0.998861 0.998861 0.000000 0.047719 0.000000 -1.000000 0.000000
-9.843514 -1.419908 0.000000
-9.843514 -1.419908 0.000000
1
1.000000 1.000000 1.000000
1.000000 1.000000 1.000000
0.000000 0.000000 0.000000
0.303274 0.952903 0.000000 -0.000000 0.000000 -1.000000 -0.952903 0.303274 0.000000
0.047718 -0.000000 -0.998862 0.998862 0.000000 0.047722 0.000000 -1.000000 0.000000
0.303274 -0.000000 -0.952903 0.952903 0.000000 0.303274 0.000000 -1.000000 0.000000
-9.843514 -1.419908 0.000000
-9.843514 -1.419908 0.000000
1
1.000000 1.000000 1.000000
1.000000 1.000000 1.000000
0.000000 0.000000 0.000000
0.303274 0.952903 0.000000 -0.000000 0.000000 -1.000000 -0.952903 0.303274 0.000000
0.303273 -0.000000 -0.952905 0.952903 0.000000 0.303277 0.000000 -1.000000 0.000000
0.303274 -0.000000 -0.952903 0.952903 0.000000 0.303274 0.000000 -1.000000 0.000000
-11.310787 -0.952929 0.000000
-11.310787 -0.952929 0.000000
1
1.000000 1.000000 1.000000
1.000000 1.000000 1.000000
0.000000 0.000000 0.000000
0.585561 0.810628 0.000000 0.000000 0.000000 -1.000000 -0.810629 0.585564 0.000000
0.296285 0.000000 -0.955101 -0.955101 0.000000 -0.296281 0.000000 1.000000 0.000000
0.585561 0.000000 -0.810629 0.810628 0.000000 0.585564 0.000000 -1.000000 0.000000
-11.310787 -0.952929 0.000000
-11.310787 -0.952929 0.000000
1
1.000000 1.000000 1.000000
1.000000 1.000000 1.000000
0.000000 0.000000 0.000000
0.585561 0.810628 0.000000 0.000000 0.000000 -1.000000 -0.810629 0.585564 0.000000
0.585561 0.000000 -0.810631 0.810629 0.000000 0.585566 0.000000 -1.000000 0.000000
0.585561 0.000000 -0.810629 0.810628 0.000000 0.585564 0.000000 -1.000000 0.000000
-12.533330 -0.069818 0.000000
-12.533330 -0.069818 0.000000
1
1.000000 1.000000 1.000000
1.000000 1.000000 1.000000
0.000000 0.000000 0.000000
0.791738 0.610860 0.000000 0.000000 0.000000 -1.000000 -0.610861 0.791741 0.000000
0.585561 0.000000 -0.810631 0.810629 0.000000 0.585566 0.000000 -1.000000 0.000000
0.791738 0.000000 -0.610861 0.610860 0.000000 0.791741 0.000000 -1.000000 0.000000
-12.533330 -0.069818 0.000000
-12.533330 -0.069818 0.000000
1
1.000000 1.000000 1.000000
1.000000 1.000000 1.000000
0.000000 0.000000 0.000000
0.791738 0.610860 0.000000 0.000000 0.000000 -1.000000 -0.610861 0.791741 0.000000
0.791738 0.000000 -0.610862 0.610860 0.000000 0.791744 0.000000 -1.000000 0.000000
0.791738 0.000000 -0.610861 0.610860 0.000000 0.791741 0.000000 -1.000000 0.000000
-13.392816 1.044169 0.000000
-13.392816 1.044169 0.000000
1
1.000000 1.000000 1.000000
1.000000 1.000000 1.000000
0.000000 0.000000 0.000000
0.296284 -0.955100 0.000000 0.000000 0.000000 1.000000 -0.955100 -0.296284 0.000000
0.802821 0.000000 -0.596222 0.000000 1.000000 0.000000 0.596221 0.000000 0.802820
0.296284 0.000000 -0.955100 -0.955100 0.000000 -0.296284 0.000000 1.000000 0.000000
-1.003687 2.244458 0.000000
0.000000 0.000000 0.000000
1
1.000000 1.000000 1.000000
1.000000 1.000000 1.000000
0.000000 0.000000 0.000000
0.296284 -0.955100 0.000000 0.000000 0.000000 1.000000 -0.955100 -0.296284 0.000000
1.000000 0.000000 0.000000 0.000000 1.000000 0.000000 0.000000 0.000000 1.000000
0.296284 0.000000 -0.955100 -0.955100 0.000000 -0.296284 0.000000 1.000000 0.000000
-11.310787 -0.952929 0.000000
0.000000 0.000000 0.000000
Pose 1
1063732288
1063751168
27
1
1.000000 1.000000 1.000000
1.000000 1.000000 1.000000
0.810742 -0.440111 0.000000
0.931893 0.000000 0.362733 -0.264630 0.683934 0.679857 -0.248086 -0.729544 0.637353
1.000000 0.000000 0.000000 0.000000 1.000000 0.000000 0.000000 0.000000 1.000000
1.000000 0.000000 0.000000 0.000000 1.000000 0.000000 0.000000 0.000000 1.000000
1.745589 0.839670 0.000000
1.745589 0.839670 0.000000
1
1.000000 1.000000 1.000000
1.000000 1.000000 1.000000
0.000000 0.000000 0.000000
-0.303427 -0.566296 -0.766316 -0.248086 -0.729544 0.637353 -0.919992 0.383502 0.080873
1.000000 0.000000 0.000000 0.000000 1.000000 0.000000 0.000000 0.000000 1.000000
-0.560730 0.000000 -0.827999 -0.827999 0.000000 0.560730 0.000000 1.000000 0.000000
1.745589 0.839670 0.000000
1.745589 0.839670 0.000000
1
1.000000 1.000000 1.000000
1.000000 1.000000 1.000000
0.000000 0.000000 0.000000
-0.303427 -0.566296 -0.766316 -0.248086 -0.729544 0.637353 -0.919992 0.383502 0.080873
-0.560730 0.000000 -0.827999 -0.827999 0.000000 0.560730 0.000000 1.000000 0.000000
-0.560730 0.000000 -0.827999 -0.827999 0.000000 0.560730 0.000000 1.000000 0.000000
0.249877 1.463163 0.131483
0.399438 1.751297 0.000000
1
1.000000 1.000000 1.000000
1.000000 1.000000 1.000000
0.000000 0.000000 0.000000
-0.059346 -0.645240 -0.761673 -0.248086 -0.729544 0.637353 -0.966920 0.226785 -0.116778
-0.560730 0.000000 -0.827999 -0.827999 0.000000 0.560730 0.000000 1.000000 0.000000
-0.331588 0.000000 -0.943425 -0.943425 0.000000 0.331589 0.000000 1.000000 0.000000
0.249877 1.463163 0.131483
0.399438 1.751297 0.000000
1
1.000000 1.000000 1.000000
1.000000 1.000000 1.000000
0.000000 0.000000 0.000000
-0.059346 -0.645240 -0.761673 -0.248086 -0.729544 0.637353 -0.966920 0.226785 -0.116778
-0.331588 0.000000 -0.943425 -0.943426 0.000000 0.331589 0.000000 1.000000 0.000000
-0.331588 0.000000 -0.943425 -0.943425 0.000000 0.331589 0.000000 1.000000 0.000000
-1.188195 1.800454 -0.042198
-1.003691 2.244461 0.000000
1
1.000000 1.000000 1.000000
0.000000 0.000000 0.000000
0.000000 0.000000 0.000000
-0.126288 0.987320 0.096178 0.527429 0.148944 -0.836442 -0.840161 -0.054905 -0.539551
0.296284 0.000000 -0.955100 -0.955101 0.000000 -0.296284 0.000000 1.000000 0.000000
-0.149401 0.000000 -0.988777 0.988777 0.000000 -0.149401 0.000000 -1.000000 0.000000
-1.188195 1.800454 -0.042198
-1.003691 2.244461 0.000000
1
1.000000 1.000000 1.000000
0.000000 0.000000 0.000000
0.000000 0.000000 0.000000
-0.126288 0.987320 0.096178 0.527429 0.148944 -0.836442 -0.840161 -0.054905 -0.539551
-0.149402 0.000000 -0.988777 0.988778 0.000000 -0.149401 0.000000 -1.000000 0.000000
-0.149401 0.000000 -0.988777 0.988777 0.000000 -0.149401 0.000000 -1.000000 0.000000
-2.262201 1.730267 -0.731924
-2.267677 2.053473 0.000000
1
1.000000 1.000000 1.000000
0.000000 0.000000 0.000000
0.000000 0.000000 0.000000
0.513101 -0.840534 0.173870 -0.527429 -0.148944 0.836442 -0.677160 -0.520883 -0.519745
-0.149402 0.000000 -0.988777 0.988778 0.000000 -0.149401 0.000000 -1.000000 0.000000
0.604551 0.000000 -0.796566 -0.796566 0.000000 -0.604551 0.000000 1.000000 0.000000
-2.262201 1.730267 -0.731924
-2.267677 2.053473 0.000000
1
1.000000 1.000000 1.000000
0.000000 0.000000 0.000000
0.000000 0.000000 0.000000
0.513101 -0.840534 0.173870 -0.527429 -0.148944 0.836442 -0.677160 -0.520883 -0.519745
0.604552 0.000000 -0.796566 -0.796568 0.000000 -0.604552 0.000000 1.000000 0.000000
0.604551 0.000000 -0.796566 -0.796566 0.000000 -0.604551 0.000000 1.000000 0.000000
-3.258334 0.964025 -1.496492
-3.439467 1.164159 0.000000
1
1.000000 1.000000 1.000000
0.000000 0.000000 0.000000
0.000000 0.000000 0.000000
0.649841 -0.704921 0.284241 -0.527429 -0.148944 0.836442 -0.547289 -0.693471 -0.468586
0.604552 0.000000 -0.796566 -0.796568 0.000000 -0.604552 0.000000 1.000000 0.000000
0.765382 0.000000 -0.643576 -0.643576 0.000000 -0.765382 0.000000 1.000000 0.000000
-3.258334 0.964025 -1.496492
-3.439467 1.164159 0.000000
1
1.000000 1.000000 1.000000
0.000000 0.000000 0.000000
0.000000 0.000000 0.000000
0.649841 -0.704921 0.284241 -0.527429 -0.148944 0.836442 -0.547289 -0.693471 -0.468586
0.765383 0.000000 -0.643575 -0.643579 0.000000 -0.765382 0.000000 1.000000 0.000000
0.765382 0.000000 -0.643576 -0.643576 0.000000 -0.765382 0.000000 1.000000 0.000000
-4.033760 -0.018518 -2.160407
-4.351329 0.079739 0.000000
1
1.000000 1.000000 1.000000
0.000000 0.000000 0.000000
0.000000 0.000000 0.000000
0.475119 -0.867884 0.145050 -0.527429 -0.148944 0.836442 -0.704330 -0.473913 -0.528513
0.765383 0.000000 -0.643575 -0.643579 0.000000 -0.765382 0.000000 1.000000 0.000000
0.559870 0.000000 -0.828581 -0.828581 0.000000 -0.559870 0.000000 1.000000 0.000000
-4.033760 -0.018518 -2.160407
-4.351329 0.079739 0.000000
1
1.000000 1.000000 1.000000
0.000000 0.000000 0.000000
0.000000 0.000000 0.000000
0.475119 -0.867884 0.145050 -0.527429 -0.148944 0.836442 -0.704330 -0.473913 -0.528513
0.559871 0.000000 -0.828581 -0.828583 0.000000 -0.559870 0.000000 1.000000 0.000000
0.559870 0.000000 -0.828581 -0.828581 0.000000 -0.559870 0.000000 1.000000 0.000000
-4.951084 -0.635745 -2.848745
-5.430483 -0.649432 0.000000
1
1.000000 1.000000 1.000000
0.000000 0.000000 0.000000
0.000000 0.000000 0.000000
0.342497 -0.938246 0.048894 -0.527429 -0.148944 0.836442 -0.777505 -0.312266 -0.545871
0.559871 0.000000 -0.828581 -0.828583 0.000000 -0.559870 0.000000 1.000000 0.000000
0.403833 0.000000 -0.914833 -0.914833 0.000000 -0.403833 0.000000 1.000000 0.000000
-4.951084 -0.635745 -2.848745
-5.430483 -0.649432 0.000000
1
1.000000 1.000000 1.000000
0.000000 0.000000 0.000000
0.000000 0.000000 0.000000
0.342497 -0.938246 0.048894 -0.527429 -0.148944 0.836442 -0.777505 -0.312266 -0.545871
0.403835 0.000000 -0.914833 -0.914834 0.000000 -0.403832 0.000000 1.000000 0.000000
0.403833 0.000000 -0.914833 -0.914833 0.000000 -0.403833 0.000000 1.000000 0.000000
-6.085181 -1.091228 -3.644972
-6.764892 -1.238475 0.000000
1
1.000000 1.000000 1.000000
0.000000 0.000000 0.000000
0.000000 0.000000 0.000000
-0.157232 0.984619 0.076185 0.527429 0.148944 -0.836442 -0.834923 -0.091333 -0.542735
0.403835 0.000000 -0.914833 -0.914834 0.000000 -0.403832 0.000000 1.000000 0.000000
-0.185820 0.000000 -0.982584 0.982584 0.000000 -0.185820 0.000000 -1.000000 0.000000
-6.085181 -1.091228 -3.644972
-6.764892 -1.238475 0.000000
1
1.000000 1.000000 1.000000
0.000000 0.000000 0.000000
0.000000 0.000000 0.000000
-0.157232 0.984619 0.076185 0.527429 0.148944 -0.836442 -0.834923 -0.091333 -0.542735
-0.185821 0.000000 -0.982585 0.982586 0.000000 -0.185818 0.000000 -1.000000 0.000000
-0.185820 0.000000 -0.982584 0.982584 0.000000 -0.185820 0.000000 -1.000000 0.000000
-7.263463 -1.220121 -4.410904
-8.151558 -1.500715 0.000000
1
1.000000 1.000000 1.000000
0.000000 0.000000 0.000000
0.000000 0.000000 0.000000
0.041189 0.978873 0.200279 0.527429 0.148944 -0.836442 -0.848600 0.140085 -0.510151
-0.185821 0.000000 -0.982585 0.982586 0.000000 -0.185818 0.000000 -1.000000 0.000000
0.047719 -0.000000 -0.998861 0.998861 0.000000 0.047719 0.000000 -1.000000 0.000000
-7.263463 -1.220121 -4.410904
-8.151558 -1.500715 0.000000
1
1.000000 1.000000 1.000000
0.000000 0.000000 0.000000
0.000000 0.000000 0.000000
0.041189 0.978873 0.200279 0.527429 0.148944 -0.836442 -0.848600 0.140085 -0.510151
0.047718 -0.000000 -0.998862 0.998862 0.000000 0.047722 0.000000 -1.000000 0.000000
0.047719 -0.000000 -0.998861 0.998861 0.000000 0.047719 0.000000 -1.000000 0.000000
-8.700916 -0.982829 -5.275055
-9.843540 -1.419894 0.000000
1
1.000000 1.000000 1.000000
0.000000 0.000000 0.000000
0.000000 0.000000 0.000000
0.258275 0.909811 0.324867 0.527429 0.148944 -0.836442 -0.809391 0.387376 -0.441392
0.047718 -0.000000 -0.998862 0.998862 0.000000 0.047722 0.000000 -1.000000 0.000000
0.303274 -0.000000 -0.952903 0.952903 0.000000 0.303274 0.000000 -1.000000 0.000000
-8.700916 -0.982829 -5.275055
-9.843540 -1.419894 0.000000
1
1.000000 1.000000 1.000000
0.000000 0.000000 0.000000
0.000000 0.000000 0.000000
0.258275 0.909811 0.324867 0.527429 0.148944 -0.836442 -0.809391 0.387376 -0.441392
0.303273 -0.000000 -0.952905 0.952903 0.000000 0.303277 0.000000 -1.000000 0.000000
0.303274 -0.000000 -0.952903 0.952903 0.000000 0.303274 0.000000 -1.000000 0.000000
-9.947209 -0.386351 -5.954707
-11.310819 -0.952933 0.000000
1
1.412256 1.412256 1.412256
1.412256 1.412256 1.412256
-0.519182 0.562674 0.000000
0.732856 0.288929 0.615982 0.502913 0.379739 -0.776452 -0.458254 0.878816 0.132988
0.296285 0.000000 -0.955101 -0.955101 0.000000 -0.296281 0.000000 1.000000 0.000000
0.585561 0.000000 -0.810629 0.810628 0.000000 0.585564 0.000000 -1.000000 0.000000
-9.947209 -0.386351 -5.954708
-11.310819 -0.952933 0.000000
1
1.000000 1.000000 1.000000
1.412256 1.412256 1.412256
0.000000 0.000000 0.000000
0.732856 0.288929 0.615982 0.502913 0.379739 -0.776452 -0.458254 0.878816 0.132988
0.585561 0.000000 -0.810631 0.810629 0.000000 0.585566 0.000000 -1.000000 0.000000
0.585561 0.000000 -0.810629 0.810628 0.000000 0.585564 0.000000 -1.000000 0.000000
-10.923245 1.485474 -5.671439
-12.117629 0.778143 -0.942897
1
1.000000 1.000000 1.000000
1.412256 1.412256 1.412256
0.000000 0.000000 0.000000
0.832850 0.027344 0.552815 0.502913 0.379739 -0.776452 -0.231160 0.924694 0.302516
0.585561 0.000000 -0.810631 0.810629 0.000000 0.585566 0.000000 -1.000000 0.000000
0.791738 0.000000 -0.610861 0.610860 0.000000 0.791741 0.000000 -1.000000 0.000000
-10.923245 1.485474 -5.671439
-12.117629 0.778143 -0.942897
1
1.000000 1.000000 1.000000
1.412256 1.412256 1.412256
0.000000 0.000000 0.000000
0.832850 0.027344 0.552815 0.502913 0.379739 -0.776452 -0.231160 0.924694 0.302516
0.791738 0.000000 -0.610862 0.610860 0.000000 0.791744 0.000000 -1.000000 0.000000
0.791738 0.000000 -0.610861 0.610860 0.000000 0.791741 0.000000 -1.000000 0.000000
-11.382581 3.322971 -5.070289
-12.327623 2.565118 -1.786333
1
1.000000 1.000000 1.000000
1.000000 1.000000 1.000000
0.000000 0.000000 0.000000
0.528854 -0.653227 -0.541861 -0.248086 -0.729544 0.637353 -0.811646 -0.202638 -0.547877
0.802821 0.000000 -0.596222 0.000000 1.000000 0.000000 0.596221 0.000000 0.802820
0.296284 0.000000 -0.955100 -0.955100 0.000000 -0.296284 0.000000 1.000000 0.000000
-1.188195 1.800454 -0.042198
-1.003691 2.244461 0.000000
1
1.000000 1.000000 1.000000
1.000000 1.000000 1.000000
0.000000 0.000000 0.000000
0.528854 -0.653227 -0.541861 -0.248086 -0.729544 0.637353 -0.811646 -0.202638 -0.547877
1.000000 0.000000 0.000000 0.000000 1.000000 0.000000 0.000000 0.000000 1.000000
0.296284 0.000000 -0.955100 -0.955100 0.000000 -0.296284 0.000000 1.000000 0.000000
-9.947209 -0.386351 -5.954708
-11.310819 -0.952933 0.000000

