Poses
1
Default 2
1065177504
1065225472
27
1
1.000000 1.000000 1.000000
1.000000 1.000000 1.000000
0.000000 0.000000 0.000000
1.000000 0.000000 0.000000 0.000000 1.000000 0.000000 0.000000 0.000000 1.000000
1.000000 0.000000 0.000000 0.000000 1.000000 0.000000 0.000000 0.000000 1.000000
1.000000 0.000000 0.000000 0.000000 1.000000 0.000000 0.000000 0.000000 1.000000
1.745589 0.839670 0.000000
1.745589 0.839670 0.000000
4
1
1.000000 1.000000 1.000000
1.000000 1.000000 1.000000
0.000000 0.000000 0.000000
-0.560730 -0.827999 0.000000 0.000000 0.000000 1.000000 -0.827999 0.560730 0.000000
1.000000 0.000000 0.000000 0.000000 1.000000 0.000000 0.000000 0.000000 1.000000
-0.560730 0.000000 -0.827999 -0.827999 0.000000 0.560730 0.000000 1.000000 0.000000
1.745589 0.839670 0.000000
1.745589 0.839670 0.000000
0
1
1.000000 1.000000 1.000000
1.000000 1.000000 1.000000
0.000000 0.000000 0.000000
-0.560730 -0.827999 0.000000 0.000000 0.000000 1.000000 -0.827999 0.560730 0.000000
-0.560731 0.000000 -0.828000 -0.828000 0.000000 0.560731 0.000000 1.000000 0.000000
-0.560730 0.000000 -0.827999 -0.827999 0.000000 0.560730 0.000000 1.000000 0.000000
0.399439 1.751297 0.000000
0.399439 1.751297 0.000000
0
1
1.000000 1.000000 1.000000
1.000000 1.000000 1.000000
0.000000 0.000000 0.000000
0.331588 0.943424 0.000000 -0.000000 0.000000 -1.000000 -0.943424 0.331588 0.000000
0.225007 0.000000 -0.974358 -0.974358 0.000000 -0.225007 0.000000 1.000000 0.000000
0.331588 -0.000000 -0.943424 0.943424 0.000000 0.331588 0.000000 -1.000000 0.000000
0.399439 1.751297 0.000000
0.399439 1.751297 0.000000
0
1
1.000000 1.000000 1.000000
1.000000 1.000000 1.000000
0.000000 0.000000 0.000000
0.331588 0.943424 0.000000 -0.000000 0.000000 -1.000000 -0.943424 0.331588 0.000000
0.331587 -0.000000 -0.943427 0.943428 0.000000 0.331591 0.000000 -1.000000 0.000000
0.331588 -0.000000 -0.943424 0.943424 0.000000 0.331588 0.000000 -1.000000 0.000000
-1.003687 2.244458 0.000000
-1.003687 2.244458 0.000000
0
1
1.000000 1.000000 1.000000
1.000000 1.000000 1.000000
0.000000 0.000000 0.000000
-0.149401 0.988777 0.000000 0.000000 0.000000 -1.000000 -0.988777 -0.149401 0.000000
0.331588 0.000000 -0.943424 0.943425 0.000000 0.331589 0.000000 -1.000000 0.000000
-0.149401 0.000000 -0.988777 0.988777 0.000000 -0.149401 0.000000 -1.000000 0.000000
-1.003687 2.244458 0.000000
-1.003687 2.244458 0.000000
0
1
1.000000 1.000000 1.000000
1.000000 1.000000 1.000000
0.000000 0.000000 0.000000
-0.149401 0.988777 0.000000 0.000000 0.000000 -1.000000 -0.988777 -0.149401 0.000000
-0.149403 0.000000 -0.988777 0.988778 0.000000 -0.149402 0.000000 -1.000000 0.000000
-0.149401 0.000000 -0.988777 0.988777 0.000000 -0.149401 0.000000 -1.000000 0.000000
-2.267674 2.053473 0.000000
-2.267674 2.053473 0.000000
0
1
1.000000 1.000000 1.000000
1.000000 1.000000 1.000000
0.000000 0.000000 0.000000
0.604551 -0.796566 0.000000 0.000000 0.000000 1.000000 -0.796566 -0.604551 0.000000
-0.149403 0.000000 -0.988777 0.988778 0.000000 -0.149402 0.000000 -1.000000 0.000000
0.604551 0.000000 -0.796566 -0.796566 0.000000 -0.604551 0.000000 1.000000 0.000000
-2.267674 2.053473 0.000000
-2.267674 2.053473 0.000000
0
1
1.000000 1.000000 1.000000
1.000000 1.000000 1.000000
0.000000 0.000000 0.000000
0.604551 -0.796566 0.000000 0.000000 0.000000 1.000000 -0.796566 -0.604551 0.000000
0.604552 0.000000 -0.796565 -0.796567 0.000000 -0.604552 0.000000 1.000000 0.000000
0.604551 0.000000 -0.796566 -0.796566 0.000000 -0.604551 0.000000 1.000000 0.000000
-3.439458 1.164151 0.000000
-3.439458 1.164151 0.000000
0
1
1.000000 1.000000 1.000000
1.000000 1.000000 1.000000
0.000000 0.000000 0.000000
0.765382 -0.643576 0.000000 0.000000 0.000000 1.000000 -0.643576 -0.765382 0.000000
0.604552 0.000000 -0.796565 -0.796567 0.000000 -0.604552 0.000000 1.000000 0.000000
0.765382 0.000000 -0.643576 -0.643576 0.000000 -0.765382 0.000000 1.000000 0.000000
-3.439458 1.164151 0.000000
-3.439458 1.164151 0.000000
0
1
1.000000 1.000000 1.000000
1.000000 1.000000 1.000000
0.000000 0.000000 0.000000
0.765382 -0.643576 0.000000 0.000000 0.000000 1.000000 -0.643576 -0.765382 0.000000
0.765383 0.000000 -0.643575 -0.643579 0.000000 -0.765382 0.000000 1.000000 0.000000
0.765382 0.000000 -0.643576 -0.643576 0.000000 -0.765382 0.000000 1.000000 0.000000
-4.351308 0.079721 0.000000
-4.351308 0.079721 0.000000
0
1
1.000000 1.000000 1.000000
1.000000 1.000000 1.000000
0.000000 0.000000 0.000000
0.559870 -0.828581 0.000000 0.000000 0.000000 1.000000 -0.828581 -0.559870 0.000000
0.765383 0.000000 -0.643575 -0.643579 0.000000 -0.765382 0.000000 1.000000 0.000000
0.559870 0.000000 -0.828581 -0.828581 0.000000 -0.559870 0.000000 1.000000 0.000000
-4.351308 0.079721 0.000000
-4.351308 0.079721 0.000000
0
1
1.000000 1.000000 1.000000
1.000000 1.000000 1.000000
0.000000 0.000000 0.000000
0.559870 -0.828581 0.000000 0.000000 0.000000 1.000000 -0.828581 -0.559870 0.000000
0.559871 0.000000 -0.828582 -0.828584 0.000000 -0.559870 0.000000 1.000000 0.000000
0.559870 0.000000 -0.828581 -0.828581 0.000000 -0.559870 0.000000 1.000000 0.000000
-5.430457 -0.649457 0.000000
-5.430457 -0.649457 0.000000
0
1
1.000000 1.000000 1.000000
1.000000 1.000000 1.000000
0.000000 0.000000 0.000000
0.403833 -0.914833 0.000000 0.000000 0.000000 1.000000 -0.914833 -0.403833 0.000000
0.559871 0.000000 -0.828582 -0.828584 0.000000 -0.559870 0.000000 1.000000 0.000000
0.403833 0.000000 -0.914833 -0.914833 0.000000 -0.403833 0.000000 1.000000 0.000000
-5.430457 -0.649457 0.000000
-5.430457 -0.649457 0.000000
0
1
1.000000 1.000000 1.000000
1.000000 1.000000 1.000000
0.000000 0.000000 0.000000
0.403833 -0.914833 0.000000 0.000000 0.000000 1.000000 -0.914833 -0.403833 0.000000
0.403836 0.000000 -0.914833 -0.914834 0.000000 -0.403833 0.000000 1.000000 0.000000
0.403833 0.000000 -0.914833 -0.914833 0.000000 -0.403833 0.000000 1.000000 0.000000
-6.764865 -1.238503 0.000000
-6.764865 -1.238503 0.000000
0
1
1.000000 1.000000 1.000000
1.000000 1.000000 1.000000
0.000000 0.000000 0.000000
-0.185820 0.982584 0.000000 0.000000 0.000000 -1.000000 -0.982584 -0.185820 0.000000
0.403836 0.000000 -0.914833 -0.914834 0.000000 -0.403833 0.000000 1.000000 0.000000
-0.185820 0.000000 -0.982584 0.982584 0.000000 -0.185820 0.000000 -1.000000 0.000000
-6.764865 -1.238503 0.000000
-6.764865 -1.238503 0.000000
0
1
1.000000 1.000000 1.000000
1.000000 1.000000 1.000000
0.000000 0.000000 0.000000
-0.185820 0.982584 0.000000 0.000000 0.000000 -1.000000 -0.982584 -0.185820 0.000000
-0.185821 0.000000 -0.982585 0.982586 0.000000 -0.185818 0.000000 -1.000000 0.000000
-0.185820 0.000000 -0.982584 0.982584 0.000000 -0.185820 0.000000 -1.000000 0.000000
-8.151531 -1.500740 0.000000
-8.151531 -1.500740 0.000000
0
1
1.000000 1.000000 1.000000
1.000000 1.000000 1.000000
0.000000 0.000000 0.000000
0.047719 0.998861 0.000000 -0.000000 0.000000 -1.000000 -0.998861 0.047719 0.000000
-0.185821 0.000000 -0.982585 0.982586 0.000000 -0.185818 0.000000 -1.000000 0.000000
0.047719 -0.000000 -0.998861 0.998861 0.000000 0.047719 0.000000 -1.000000 0.000000
-8.151531 -1.500740 0.000000
-8.151531 -1.500740 0.000000
0
1
1.000000 1.000000 1.000000
1.000000 1.000000 1.000000
0.000000 0.000000 0.000000
0.047719 0.998861 0.000000 -0.000000 0.000000 -1.000000 -0.998861 0.047719 0.000000
0.047718 -0.000000 -0.998862 0.998862 0.000000 0.047722 0.000000 -1.000000 0.000000
0.047719 -0.000000 -0.998861 0.998861 0.000000 0.047719 0.000000 -1.000000 0.000000
-9.843514 -1.419908 0.000000
-9.843514 -1.419908 0.000000
0
1
1.000000 1.000000 1.000000
1.000000 1.000000 1.000000
0.000000 0.000000 0.000000
0.303274 0.952903 0.000000 -0.000000 0.000000 -1.000000 -0.952903 0.303274 0.000000
0.047718 -0.000000 -0.998862 0.998862 0.000000 0.047722 0.000000 -1.000000 0.000000
0.303274 -0.000000 -0.952903 0.952903 0.000000 0.303274 0.000000 -1.000000 0.000000
-9.843514 -1.419908 0.000000
-9.843514 -1.419908 0.000000
0
1
1.000000 1.000000 1.000000
1.000000 1.000000 1.000000
0.000000 0.000000 0.000000
0.303274 0.952903 0.000000 -0.000000 0.000000 -1.000000 -0.952903 0.303274 0.000000
0.303273 -0.000000 -0.952904 0.952902 0.000000 0.303277 0.000000 -1.000000 0.000000
0.303274 -0.000000 -0.952903 0.952903 0.000000 0.303274 0.000000 -1.000000 0.000000
-11.310787 -0.952929 0.000000
-11.310787 -0.952929 0.000000
0
1
1.000000 1.000000 1.000000
1.000000 1.000000 1.000000
0.000000 0.000000 0.000000
0.585561 0.810628 0.000000 0.000000 0.000000 -1.000000 -0.810629 0.585564 0.000000
0.225008 0.000000 -0.974358 -0.974358 0.000000 -0.225004 0.000000 1.000000 0.000000
0.585561 0.000000 -0.810629 0.810628 0.000000 0.585564 0.000000 -1.000000 0.000000
-11.310787 -0.952929 0.000000
-11.310787 -0.952929 0.000000
0
1
1.000000 1.000000 1.000000
1.000000 1.000000 1.000000
0.000000 0.000000 0.000000
0.585561 0.810628 0.000000 0.000000 0.000000 -1.000000 -0.810629 0.585564 0.000000
0.585555 0.000000 -0.810639 0.810631 0.000000 0.585579 0.000000 -1.000000 0.000000
0.585561 0.000000 -0.810629 0.810628 0.000000 0.585564 0.000000 -1.000000 0.000000
-12.533330 -0.069818 0.000000
-12.533330 -0.069818 0.000000
0
1
1.000000 1.000000 1.000000
1.000000 1.000000 1.000000
0.000000 0.000000 0.000000
0.791738 0.610860 0.000000 0.000000 0.000000 -1.000000 -0.610861 0.791741 0.000000
0.585555 0.000000 -0.810639 0.810631 0.000000 0.585579 0.000000 -1.000000 0.000000
0.791738 0.000000 -0.610861 0.610860 0.000000 0.791741 0.000000 -1.000000 0.000000
-12.533330 -0.069818 0.000000
-12.533330 -0.069818 0.000000
0
1
1.000000 1.000000 1.000000
1.000000 1.000000 1.000000
0.000000 0.000000 0.000000
0.791738 0.610860 0.000000 0.000000 0.000000 -1.000000 -0.610861 0.791741 0.000000
0.791734 0.000000 -0.610869 0.610861 0.000000 0.791758 0.000000 -1.000000 0.000000
0.791738 0.000000 -0.610861 0.610860 0.000000 0.791741 0.000000 -1.000000 0.000000
-13.392816 1.044169 0.000000
-13.392816 1.044169 0.000000
0
1
1.000000 1.000000 1.000000
1.000000 1.000000 1.000000
0.000000 0.000000 0.000000
0.225007 -0.974357 0.000000 0.000000 0.000000 1.000000 -0.974357 -0.225007 0.000000
0.680599 0.000000 -0.732657 0.000000 1.000000 0.000000 0.732657 0.000000 0.680599
0.225007 0.000000 -0.974357 -0.974357 0.000000 -0.225007 0.000000 1.000000 0.000000
0.399439 1.751297 0.000000
0.000000 0.000000 0.000000
2
1
1.000000 1.000000 1.000000
1.000000 1.000000 1.000000
0.000000 0.000000 0.000000
0.225007 -0.974357 0.000000 0.000000 0.000000 1.000000 -0.974357 -0.225007 0.000000
1.000000 0.000000 -0.000000 0.000000 1.000000 0.000000 -0.000000 0.000000 1.000000
0.225007 0.000000 -0.974357 -0.974357 0.000000 -0.225007 0.000000 1.000000 0.000000
-11.310787 -0.952929 0.000000
0.000000 0.000000 0.000000
3

