Bones
18
Bone 0
811894952
0
0.197258 0.943017 -0.267972 -0.187523 -0.232001 -0.954469 -0.962250 0.238528 0.131073
0.197258 0.943017 -0.267972 -0.187523 -0.232001 -0.954469 -0.962250 0.238528 0.131073
952711928 952712288 951875832
0 2.752198
0
Bone 1
811893728
811894952
0.635448 0.686160 0.354105 -0.005976 0.462957 -0.886361 -0.772121 0.561120 0.298285
0.677518 -0.616333 -0.401378 0.672917 0.739718 0.000001 0.296907 -0.270094 0.915913
952712648 952721208 951875832
0 2.110941
0
Bone 2
952709400
811893728
0.453000 0.144625 -0.879701 -0.647209 -0.625268 -0.436074 -0.613116 0.766892 -0.189644
0.075587 0.843981 -0.531020 -0.994718 0.100915 0.018799 0.069453 0.526795 0.847150
952721568 952721928 951875832
0 2.378948
0
Bone 3
952710352
952709400
-0.266471 -0.960047 -0.085458 -0.298054 -0.002240 0.954546 -0.916601 0.279830 -0.285549
-0.184381 0.810015 -0.556668 -0.975057 -0.221949 -0.000000 -0.123552 0.542784 0.830735
952722288 952722648 951875832
0 1.730413
0
Bone 4
952709536
952710352
0.439166 0.640585 0.629908 0.334282 0.534284 -0.776399 -0.833899 0.551536 0.020504
-0.785847 0.468946 -0.403155 -0.535665 -0.841939 0.064805 -0.309043 0.266884 0.912834
952723008 952725568 951875832
0 3.046150
0
Bone 5
952707768
952709536
0.810259 0.518173 0.273822 0.136029 0.288181 -0.947865 -0.570068 0.805263 0.163015
0.860255 0.335111 -0.384269 -0.352724 0.935364 0.026073 0.368169 0.113111 0.922853
952723768 952726288 951875832
0 2.287592
0
Bone 6
952708040
952710352
0.426068 -0.811115 0.400697 -0.175359 0.360467 0.916140 -0.887533 -0.460604 0.011348
0.630931 0.257309 -0.731927 -0.377629 0.925957 0.000001 0.677734 0.276397 0.681382
952725928 952726648 951875832
0 2.223446
0
Bone 7
952708312
952708040
0.597025 -0.800161 0.057484 -0.017626 0.058554 0.998129 -0.802029 -0.596921 0.020854
0.926430 -0.340462 -0.160670 0.344943 0.938624 0.000000 0.150809 -0.055422 0.987008
952727008 952723408 951875832
0 2.107915
0
Bone 8
952709128
952708312
0.170884 0.982113 -0.079074 0.038791 -0.086898 -0.995462 -0.984527 0.167041 -0.052946
-0.688372 -0.024431 -0.724947 0.035468 -0.999371 0.000000 -0.724490 -0.025713 0.688805
952724128 952724848 951875832
0 2.159191
0
Bone 9
952708176
811893728
-0.742966 0.589981 -0.316108 -0.080263 0.390336 0.917167 0.664499 0.706796 -0.242653
-0.588705 0.684822 -0.429471 -0.758317 -0.651886 -0.000000 -0.279966 0.325675 0.903081
952725208 952730752 951875832
1 2.955075
952684648
Bone 10
952711032
952708176
-0.716334 0.684662 -0.134548 0.005734 0.198598 0.980064 0.697734 0.701282 -0.146189
0.978681 0.201341 0.040561 -0.196897 0.975943 -0.093637 -0.058438 0.083654 0.994780
952732552 952730392 951875832
3 2.373072
952684648
Bone 11
952708448
952711032
-0.464036 0.816753 0.342907 0.202099 -0.279283 0.938700 0.862454 0.504891 -0.035468
0.845467 0.495616 0.198872 -0.462285 0.865680 -0.192072 -0.267353 0.070455 0.961019
952733272 952731832 951875832
3 1.715224
952684648
Bone 12
952709672
952708448
0.792053 -0.603430 0.092329 -0.036858 -0.198243 -0.979460 0.609339 0.772381 -0.179260
-0.750267 0.126267 -0.648965 -0.165963 -0.986132 0.000000 -0.639965 0.107704 0.760818
952734352 952733632 951875832
1 2.130998
952687296
Bone 13
952711304
952709672
-0.794580 -0.280301 -0.538586 -0.587316 0.129904 0.798865 -0.153958 0.951082 -0.267844
-0.509934 0.612377 -0.604120 -0.469815 -0.786561 -0.400744 -0.720584 0.079472 0.688798
952733992 952728592 951875832
3 1.027844
952687296
Bone 14
952708584
952711304
-0.604615 -0.765584 0.219822 0.100400 0.200527 0.974530 -0.790165 0.611285 -0.044377
0.576616 0.431256 -0.693926 -0.660851 0.745601 -0.085762 0.480406 0.508034 0.714921
952727512 952727872 951875832
2 1.680961
952687296
Bone 15
952710896
952708448
-0.391292 -0.817575 0.422447 0.134030 -0.504783 -0.852778 0.910454 -0.277064 0.307097
-0.341324 0.545806 -0.765241 -0.766901 -0.632438 -0.109020 -0.543471 0.549653 0.634445
952731472 952729672 951875832
3 2.012728
952684648
Bone 16
952708720
952710896
-0.064822 -0.935965 0.346074 0.061735 -0.349900 -0.934751 0.995985 -0.039227 0.080463
0.936784 0.168648 0.306583 -0.132970 0.982033 -0.133907 -0.323658 0.084675 0.942378
952734712 952732192 951875832
3 1.551898
952684648
Bone 17
952708856
952708720
0.013666 -0.755374 -0.655152 -0.323342 0.616671 -0.717751 0.946184 0.221647 -0.235816
0.479387 0.877553 -0.009473 -0.804618 0.435183 -0.403987 -0.350397 0.201288 0.914716
952735072 952731112 951875832
2 2.580681
952684648

