Transformers
42
Object 7
1104008448
0 0 0 0 1 0 0.600000
785285312 952022080 0 0 0
1.000000 1.000000 1.000000
1.000000 1.000000 1.000000
0.000000 0.000000 0.000000
0.000000 0.000000 0.000000
1.000000 0.000000 0.000000 0.000000 1.000000 0.000000 0.000000 0.000000 1.000000
1.000000 0.000000 0.000000 0.000000 1.000000 0.000000 0.000000 0.000000 1.000000
1.000000 0.000000 0.000000 0.000000 1.000000 0.000000 0.000000 0.000000 1.000000
1.000000 0.000000 0.000000 0.000000 1.000000 0.000000 0.000000 0.000000 1.000000
0.000000 0.000000 0.000000
0.000000 0.000000 0.000000
0.000000 0.000000 0.000000
0.000000 0.000000 0.000000
Locator 7
1104008808
4 1 0 1 1 0 0.600000
785285312 0 952586600 0 0
1.000000 1.000000 1.000000
1.000000 1.000000 1.000000
0.506394 -0.864902 0.000000
0.000000 0.000000 0.000000
0.632297 0.000000 0.774726 -0.332832 0.903013 0.271643 -0.699588 -0.429612 0.570972
0.632297 0.000000 0.774726 -0.332832 0.903013 0.271643 -0.699588 -0.429612 0.570972
1.000000 0.000000 0.000000 0.000000 1.000000 0.000000 0.000000 0.000000 1.000000
1.000000 0.000000 0.000000 0.000000 1.000000 0.000000 0.000000 0.000000 1.000000
2.681816 -2.167676 0.000000
0.000000 0.000000 0.000000
2.681816 -2.167676 0.000000
0.000000 0.000000 0.000000
1104007008
Locator 8
1104007008
0 1 0 1 1 1 0.600000
1104008808 0 952586600 811763736 0
1.000000 1.000000 1.000000
1.000000 1.000000 1.000000
0.000000 0.000000 0.000000
0.000000 0.000000 0.000000
-0.001671 0.966681 0.255980 0.626383 0.200552 -0.753276 -0.779514 0.159083 -0.605847
-0.001671 0.966681 0.255980 0.626383 0.200552 -0.753276 -0.779514 0.159083 -0.605847
1.000000 0.000000 0.000000 0.000000 1.000000 0.000000 0.000000 0.000000 1.000000
0.197258 -0.187523 -0.962250 0.943017 -0.232001 0.238528 -0.267972 -0.954469 0.131073
2.681816 -2.167676 0.000000
0.000000 0.000000 0.000000
2.681816 -2.167676 0.000000
0.000000 0.000000 0.000000
1104006648
1103866232
Locator 9
1104006648
1 1 0 1 1 0 0.600000
1104007008 0 952586600 811763736 0
1.000000 1.000000 1.000000
1.000000 1.000000 1.000000
0.000000 0.000000 0.000000
0.000000 0.000000 0.000000
-0.001671 0.966681 0.255980 0.626383 0.200552 -0.753276 -0.779514 0.159083 -0.605847
-0.001671 0.966681 0.255980 0.626383 0.200552 -0.753276 -0.779514 0.159083 -0.605847
0.197258 -0.187523 -0.962251 0.943018 -0.232001 0.238529 -0.267972 -0.954469 0.131073
0.197258 -0.187523 -0.962250 0.943017 -0.232001 0.238528 -0.267972 -0.954469 0.131073
0.536439 -1.729849 -1.667410
0.000000 0.000000 0.000000
0.033515 -1.511201 0.360740
0.000000 0.000000 0.000000
1104007368
Locator 10
1104007368
0 1 0 1 1 1 0.600000
1104006648 0 952586600 811763872 0
1.000000 1.000000 1.000000
1.000000 1.000000 1.000000
0.000000 0.000000 0.000000
0.000000 0.000000 0.000000
-0.074313 0.467484 0.880873 0.462222 0.798848 -0.384959 -0.883646 0.378553 -0.275447
-0.074313 0.467484 0.880873 0.462222 0.798848 -0.384959 -0.883646 0.378553 -0.275447
0.197258 -0.187523 -0.962251 0.943018 -0.232001 0.238529 -0.267972 -0.954469 0.131073
0.635448 -0.005976 -0.772121 0.686160 0.462957 0.561120 0.354105 -0.886361 0.298285
0.536439 -1.729849 -1.667410
0.000000 0.000000 0.000000
0.033515 -1.511201 0.360740
0.000000 0.000000 0.000000
1104001248
1103865848
Locator 11
1104001248
1 2 0 1 1 0 0.600000
1104007368 0 952586600 811763872 0
1.000000 1.000000 1.000000
1.000000 1.000000 1.000000
0.000000 0.000000 0.000000
0.000000 0.000000 0.000000
-0.074313 0.467484 0.880873 0.462222 0.798848 -0.384959 -0.883646 0.378553 -0.275447
-0.074313 0.467484 0.880873 0.462222 0.798848 -0.384959 -0.883646 0.378553 -0.275447
0.635448 -0.005976 -0.772122 0.686160 0.462958 0.561120 0.354105 -0.886361 0.298285
0.635448 -0.005976 -0.772121 0.686160 0.462957 0.561120 0.354105 -0.886361 0.298285
-1.328883 -0.930748 -2.248861
0.000000 0.000000 0.000000
-1.596387 -0.326710 0.990402
0.000000 0.000000 0.000000
1104002688
1104005928
Locator 12
1104002688
0 1 0 1 1 1 0.600000
1104001248 0 952586600 1104225008 0
1.000000 1.000000 1.000000
1.000000 1.000000 1.000000
0.000000 0.000000 0.000000
0.000000 0.000000 0.000000
0.853723 0.508529 -0.112047 0.103953 -0.377283 -0.920246 -0.510246 0.773989 -0.374959
0.853723 0.508529 -0.112047 0.103953 -0.377283 -0.920246 -0.510246 0.773989 -0.374959
0.635448 -0.005976 -0.772122 0.686160 0.462958 0.561120 0.354105 -0.886361 0.298285
0.453000 -0.647209 -0.613116 0.144625 -0.625268 0.766892 -0.879701 -0.436074 -0.189644
-1.328883 -0.930748 -2.248861
0.000000 0.000000 0.000000
-1.596387 -0.326710 0.990402
0.000000 0.000000 0.000000
1104003048
1103865528
Locator 13
1104003048
1 1 0 1 1 0 0.600000
1104002688 0 952586600 1104225008 0
1.000000 1.000000 1.000000
1.000000 1.000000 1.000000
0.000000 0.000000 0.000000
0.000000 0.000000 0.000000
0.853723 0.508529 -0.112047 0.103953 -0.377283 -0.920246 -0.510246 0.773989 -0.374959
0.853723 0.508529 -0.112047 0.103953 -0.377283 -0.920246 -0.510246 0.773989 -0.374959
0.453000 -0.647209 -0.613116 0.144625 -0.625268 0.766892 -0.879700 -0.436074 -0.189644
0.453000 -0.647209 -0.613116 0.144625 -0.625268 0.766892 -0.879701 -0.436074 -0.189644
-2.542729 0.910528 -3.140868
0.000000 0.000000 0.000000
-3.054959 1.497687 0.539249
0.000000 0.000000 0.000000
1104003408
Locator 14
1104003408
0 1 0 1 1 1 0.600000
1104003048 0 952586600 1104222696 0
1.000000 1.000000 1.000000
1.000000 1.000000 1.000000
0.000000 0.000000 0.000000
0.000000 0.000000 0.000000
0.210831 -0.830223 -0.516026 -0.855502 -0.412108 0.313500 -0.472934 0.375366 -0.797143
0.210831 -0.830223 -0.516026 -0.855502 -0.412108 0.313500 -0.472934 0.375366 -0.797143
0.453000 -0.647209 -0.613116 0.144625 -0.625268 0.766892 -0.879700 -0.436074 -0.189644
-0.266471 -0.298054 -0.916601 -0.960047 -0.002240 0.279830 -0.085458 0.954546 -0.285549
-2.542729 0.910528 -3.140868
0.000000 0.000000 0.000000
-3.054959 1.497687 0.539249
0.000000 0.000000 0.000000
1104003768
1103865144
Locator 15
1104003768
1 2 0 1 1 0 0.600000
1104003408 0 952586600 1104222696 0
1.000000 1.000000 1.000000
1.000000 1.000000 1.000000
0.000000 0.000000 0.000000
0.000000 0.000000 0.000000
0.210831 -0.830223 -0.516026 -0.855502 -0.412108 0.313500 -0.472934 0.375366 -0.797143
0.210831 -0.830223 -0.516026 -0.855502 -0.412108 0.313500 -0.472934 0.375366 -0.797143
-0.266471 -0.298054 -0.916601 -0.960047 -0.002240 0.279830 -0.085458 0.954545 -0.285549
-0.266471 -0.298054 -0.916601 -0.960047 -0.002240 0.279830 -0.085458 0.954546 -0.285549
-3.361098 1.560065 -4.520253
0.000000 0.000000 0.000000
-4.641057 1.981908 0.045131
0.000000 0.000000 0.000000
1104004128
1104004848
Locator 16
1104004128
0 1 0 1 1 1 0.600000
1104003768 0 952586600 1104225280 0
1.000000 1.000000 1.000000
1.000000 1.000000 1.000000
0.000000 0.000000 0.000000
0.000000 0.000000 0.000000
-0.376200 0.307841 0.873904 0.576697 0.816017 -0.039190 -0.725185 0.489237 -0.484517
-0.376200 0.307841 0.873904 0.576697 0.816017 -0.039190 -0.725185 0.489237 -0.484517
-0.266471 -0.298054 -0.916601 -0.960047 -0.002240 0.279830 -0.085458 0.954545 -0.285549
0.439166 0.334282 -0.833899 0.640585 0.534284 0.551536 0.629908 -0.776399 0.020504
-3.361098 1.560065 -4.520253
0.000000 0.000000 0.000000
-4.641057 1.981908 0.045131
0.000000 0.000000 0.000000
1104005208
1103866168
Locator 17
1104005208
1 1 0 1 1 0 0.600000
1104004128 0 952586600 1104225280 0
1.000000 1.000000 1.000000
1.000000 1.000000 1.000000
0.000000 0.000000 0.000000
0.000000 0.000000 0.000000
-0.376200 0.307841 0.873904 0.576697 0.816017 -0.039190 -0.725185 0.489237 -0.484517
-0.376200 0.307841 0.873904 0.576697 0.816017 -0.039190 -0.725185 0.489237 -0.484517
0.439165 0.334281 -0.833898 0.640585 0.534283 0.551537 0.629908 -0.776399 0.020505
0.439166 0.334282 -0.833899 0.640585 0.534284 0.551536 0.629908 -0.776399 0.020504
-5.570119 3.050350 -5.996162
0.000000 0.000000 0.000000
-7.181239 3.661968 0.107589
0.000000 0.000000 0.000000
1104004488
Locator 18
1104004488
0 1 0 1 1 1 0.600000
1104005208 0 952586600 1104223648 0
1.000000 1.000000 1.000000
1.000000 1.000000 1.000000
0.000000 0.000000 0.000000
0.000000 0.000000 0.000000
0.148296 0.350280 0.924832 0.653209 0.667445 -0.357537 -0.742514 0.657132 -0.129826
0.148296 0.350280 0.924832 0.653209 0.667445 -0.357537 -0.742514 0.657132 -0.129826
0.439165 0.334281 -0.833898 0.640585 0.534283 0.551537 0.629908 -0.776399 0.020505
0.810259 0.136029 -0.570068 0.518173 0.288181 0.805263 0.273822 -0.947865 0.163015
-5.570119 3.050350 -5.996162
0.000000 0.000000 0.000000
-7.181239 3.661968 0.107589
0.000000 0.000000 0.000000
1104007728
1103864824
Locator 19
1104007728
1 0 0 1 1 0 0.600000
1104004488 0 952586600 1104223648 0
1.000000 1.000000 1.000000
1.000000 1.000000 1.000000
0.000000 0.000000 0.000000
0.000000 0.000000 0.000000
0.148296 0.350280 0.924832 0.653209 0.667445 -0.357537 -0.742514 0.657132 -0.129826
0.148296 0.350280 0.924832 0.653209 0.667445 -0.357537 -0.742514 0.657132 -0.129826
0.810260 0.136029 -0.570068 0.518174 0.288181 0.805263 0.273822 -0.947865 0.163015
0.810259 0.136029 -0.570068 0.518173 0.288181 0.805263 0.273822 -0.947865 0.163015
-7.268684 4.553596 -6.293151
0.000000 0.000000 0.000000
-8.485321 5.504082 0.480500
0.000000 0.000000 0.000000
Locator 20
1104004848
0 1 0 1 1 1 0.600000
1104003768 0 952586600 1104221608 0
1.000000 1.000000 1.000000
1.000000 1.000000 1.000000
0.000000 0.000000 0.000000
0.000000 0.000000 0.000000
0.259045 -0.904593 0.338540 -0.871774 -0.068078 0.485153 -0.415819 -0.420807 -0.806237
0.259045 -0.904593 0.338540 -0.871774 -0.068078 0.485153 -0.415819 -0.420807 -0.806237
-0.266471 -0.298054 -0.916601 -0.960047 -0.002240 0.279830 -0.085458 0.954545 -0.285549
0.426068 -0.175359 -0.887533 -0.811115 0.360467 -0.460604 0.400697 0.916140 0.011348
-3.361098 1.560065 -4.520253
0.000000 0.000000 0.000000
-4.641057 1.981908 0.045131
0.000000 0.000000 0.000000
1104002328
1103864888
Locator 21
1104002328
1 1 0 1 1 0 0.600000
1104004848 0 952586600 1104221608 0
1.000000 1.000000 1.000000
1.000000 1.000000 1.000000
0.000000 0.000000 0.000000
0.000000 0.000000 0.000000
0.259045 -0.904593 0.338540 -0.871774 -0.068078 0.485153 -0.415819 -0.420807 -0.806237
0.259045 -0.904593 0.338540 -0.871774 -0.068078 0.485153 -0.415819 -0.420807 -0.806237
0.426067 -0.175360 -0.887533 -0.811115 0.360467 -0.460604 0.400696 0.916140 0.011349
0.426068 -0.175359 -0.887533 -0.811115 0.360467 -0.460604 0.400697 0.916140 0.011348
-4.285649 0.624424 -6.312875
0.000000 0.000000 0.000000
-6.614439 0.957780 0.070362
0.000000 0.000000 0.000000
1104001608
Locator 22
1104001608
0 1 0 1 1 1 0.600000
1104002328 0 952586600 1104223376 0
1.000000 1.000000 1.000000
1.000000 1.000000 1.000000
0.000000 0.000000 0.000000
0.000000 0.000000 0.000000
0.603602 -0.747253 0.277996 -0.728912 -0.375933 0.572153 -0.323035 -0.547988 -0.771596
0.603602 -0.747253 0.277996 -0.728912 -0.375933 0.572153 -0.323035 -0.547988 -0.771596
0.426067 -0.175360 -0.887533 -0.811115 0.360467 -0.460604 0.400696 0.916140 0.011349
0.597025 -0.017626 -0.802029 -0.800161 0.058554 -0.596921 0.057484 0.998129 0.020854
-4.285649 0.624424 -6.312875
0.000000 0.000000 0.000000
-6.614439 0.957780 0.070362
0.000000 0.000000 0.000000
1104008088
1103864504
Locator 23
1104008088
1 1 0 1 1 0 0.600000
1104001608 0 952586600 1104223376 0
1.000000 1.000000 1.000000
1.000000 1.000000 1.000000
0.000000 0.000000 0.000000
0.000000 0.000000 0.000000
0.603602 -0.747253 0.277996 -0.728912 -0.375933 0.572153 -0.323035 -0.547988 -0.771596
0.603602 -0.747253 0.277996 -0.728912 -0.375933 0.572153 -0.323035 -0.547988 -0.771596
0.597025 -0.017625 -0.802029 -0.800162 0.058554 -0.596921 0.057485 0.998130 0.020853
0.597025 -0.017626 -0.802029 -0.800161 0.058554 -0.596921 0.057484 0.998129 0.020854
-4.966579 -0.530686 -7.939332
0.000000 0.000000 0.000000
-8.305048 -0.300479 0.114321
0.000000 0.000000 0.000000
1104001968
Locator 24
1104001968
0 1 0 1 1 1 0.600000
1104008088 0 952586600 1104223784 0
1.000000 1.000000 1.000000
1.000000 1.000000 1.000000
0.000000 0.000000 0.000000
0.000000 0.000000 0.000000
-0.163511 0.920835 0.354023 0.749862 0.349193 -0.561934 -0.641070 0.173588 -0.747596
-0.163511 0.920835 0.354023 0.749862 0.349193 -0.561934 -0.641070 0.173588 -0.747596
0.597025 -0.017625 -0.802029 -0.800162 0.058554 -0.596921 0.057485 0.998130 0.020853
0.170884 0.038791 -0.984527 0.982113 -0.086898 0.167041 -0.079074 -0.995462 -0.052946
-4.966579 -0.530686 -7.939332
0.000000 0.000000 0.000000
-8.305048 -0.300479 0.114321
0.000000 0.000000 0.000000
1104005568
1103865720
Locator 25
1104005568
1 0 0 1 1 0 0.600000
1104001968 0 952586600 1104223784 0
1.000000 1.000000 1.000000
1.000000 1.000000 1.000000
0.000000 0.000000 0.000000
0.000000 0.000000 0.000000
-0.163511 0.920835 0.354023 0.749862 0.349193 -0.561934 -0.641070 0.173588 -0.747596
-0.163511 0.920835 0.354023 0.749862 0.349193 -0.561934 -0.641070 0.173588 -0.747596
0.170884 0.038792 -0.984526 0.982113 -0.086898 0.167041 -0.079074 -0.995463 -0.052945
0.170884 0.038791 -0.984527 0.982113 -0.086898 0.167041 -0.079074 -0.995462 -0.052946
-6.350770 -0.155879 -9.553533
0.000000 0.000000 0.000000
-10.430831 0.060194 0.000000
0.000000 0.000000 0.000000
IK A 44
1104005928
2 2 0 1 1 0 0.600000
1104001248 0 952586600 0 952598832
1.000000 1.000000 1.000000
1.000000 1.000000 1.000000
0.000000 0.000000 0.000000
0.000000 0.000000 0.000000
0.786244 -0.569955 -0.238693 0.346816 0.726744 -0.592928 0.511411 0.383402 0.769067
0.786244 -0.569955 -0.238693 0.346816 0.726744 -0.592928 0.511411 0.383402 0.769067
-0.535131 0.000000 -0.844769 -0.208326 0.969116 0.131967 0.818679 0.246607 -0.518604
0.312216 -0.240066 0.919179 -0.841202 0.379763 0.384914 -0.441475 -0.893391 -0.083376
-1.328883 -0.930748 -2.248861
0.000000 0.000000 0.000000
-1.596387 -0.326710 0.990402
0.000000 0.000000 0.000000
1104006288
1104245560
Locator 26
1104006288
0 1 0 1 1 1 0.600000
1104005928 0 952586600 1104221880 0
1.000000 1.000000 1.000000
1.000000 1.000000 1.000000
0.000000 0.000000 0.000000
0.000000 0.000000 0.000000
-0.420954 0.719525 -0.553200 -0.822839 -0.045230 0.567302 0.382808 0.693348 0.610516
-0.420954 0.719525 -0.553200 -0.822839 -0.045230 0.567302 0.382808 0.693348 0.610516
0.312216 -0.240066 0.919179 -0.841202 0.379763 0.384914 -0.441475 -0.893391 -0.083376
-0.742966 -0.080263 0.664499 0.589981 0.390336 0.706796 -0.316108 0.917167 -0.242653
-1.328883 -0.930748 -2.248861
0.000000 0.000000 0.000000
-1.596387 -0.326710 0.990402
0.000000 0.000000 0.000000
1104238360
1103865336
Locator 27
1104238360
1 1 0 1 1 0 0.600000
1104006288 0 952586600 1104221880 0
1.000000 1.000000 1.000000
1.000000 1.000000 1.000000
0.000000 0.000000 0.000000
0.000000 0.000000 0.000000
-0.420954 0.719525 -0.553200 -0.822839 -0.045230 0.567302 0.382808 0.693348 0.610516
-0.420954 0.719525 -0.553200 -0.822839 -0.045230 0.567302 0.382808 0.693348 0.610516
-0.742966 -0.080263 0.664499 0.589981 0.390336 0.706796 -0.316108 0.917167 -0.242653
-0.742966 -0.080263 0.664499 0.589981 0.390336 0.706796 -0.316108 0.917167 -0.242653
-0.199385 1.115016 -0.447496
0.000000 0.000000 0.000000
0.367258 1.761925 0.273345
0.000000 0.000000 0.000000
1104241240
Locator 28
1104241240
0 1 0 1 1 1 0.600000
1104238360 0 952586600 1104221744 0
1.000000 1.000000 1.000000
1.000000 1.000000 1.000000
0.000000 0.000000 0.000000
0.000000 0.000000 0.000000
-0.566381 0.719621 -0.402874 -0.750544 -0.247194 0.613611 0.341661 0.649300 0.679470
-0.566381 0.719621 -0.402874 -0.750544 -0.247194 0.613611 0.341661 0.649300 0.679470
-0.742966 -0.080263 0.664499 0.589981 0.390336 0.706796 -0.316108 0.917167 -0.242653
-0.716334 0.005734 0.697734 0.684662 0.198598 0.701282 -0.134548 0.980064 -0.146189
-0.199385 1.115016 -0.447496
0.000000 0.000000 0.000000
0.367258 1.761925 0.273345
0.000000 0.000000 0.000000
1104238000
1103866296
Locator 29
1104238000
1 1 0 1 1 0 0.600000
1104241240 0 952586600 1104221744 0
1.000000 1.000000 1.000000
1.000000 1.000000 1.000000
0.000000 0.000000 0.000000
0.000000 0.000000 0.000000
-0.566381 0.719621 -0.402874 -0.750544 -0.247194 0.613611 0.341661 0.649300 0.679470
-0.566381 0.719621 -0.402874 -0.750544 -0.247194 0.613611 0.341661 0.649300 0.679470
-0.716334 0.005734 0.697734 0.684662 0.198597 0.701282 -0.134548 0.980064 -0.146189
-0.716334 0.005734 0.697734 0.684662 0.198598 0.701282 -0.134548 0.980064 -0.146189
0.610103 2.653387 1.162356
0.000000 0.000000 0.000000
2.023031 3.426118 -0.073571
0.000000 0.000000 0.000000
1104241600
Locator 30
1104241600
0 1 0 1 1 1 0.600000
1104238000 0 952586600 1104225144 0
1.000000 1.000000 1.000000
1.000000 1.000000 1.000000
0.000000 0.000000 0.000000
0.000000 0.000000 0.000000
-0.793264 0.603954 0.083175 -0.442283 -0.664052 0.603625 0.419404 0.441635 0.793135
-0.793264 0.603954 0.083175 -0.442283 -0.664052 0.603625 0.419404 0.441635 0.793135
-0.716334 0.005734 0.697734 0.684662 0.198597 0.701282 -0.134548 0.980064 -0.146189
-0.464036 0.202099 0.862454 0.816753 -0.279283 0.504891 0.342907 0.938700 -0.035468
0.610103 2.653387 1.162356
0.000000 0.000000 0.000000
2.023031 3.426118 -0.073571
0.000000 0.000000 0.000000
1104241960
1103865400
Locator 31
1104241960
1 2 0 1 1 0 0.600000
1104241600 0 952586600 1104225144 0
1.000000 1.000000 1.000000
1.000000 1.000000 1.000000
0.000000 0.000000 0.000000
0.000000 0.000000 0.000000
-0.793264 0.603954 0.083175 -0.442283 -0.664052 0.603625 0.419404 0.441635 0.793135
-0.793264 0.603954 0.083175 -0.442283 -0.664052 0.603625 0.419404 0.441635 0.793135
-0.464037 0.202099 0.862454 0.816753 -0.279284 0.504891 0.342906 0.938699 -0.035469
-0.464036 0.202099 0.862454 0.816753 -0.279283 0.504891 0.342907 0.938700 -0.035468
1.328149 3.409494 2.520254
0.000000 0.000000 0.000000
3.502333 4.292120 -0.134406
0.000000 0.000000 0.000000
1104243040
1104244840
Locator 38
1104243040
0 1 0 1 1 1 0.600000
1104241960 0 952586600 1104223920 0
1.000000 1.000000 1.000000
1.000000 1.000000 1.000000
0.000000 0.000000 0.000000
0.000000 0.000000 0.000000
-0.242406 -0.941328 -0.236820 0.848636 -0.087044 -0.522668 0.470948 -0.327366 0.819175
-0.242406 -0.941328 -0.236820 0.848636 -0.087044 -0.522668 0.470948 -0.327366 0.819175
-0.464037 0.202099 0.862454 0.816753 -0.279284 0.504891 0.342906 0.938699 -0.035469
-0.391292 0.134030 0.910454 -0.817575 -0.504783 -0.277064 0.422447 -0.852778 0.307097
1.328149 3.409494 2.520254
0.000000 0.000000 0.000000
3.502333 4.292120 -0.134406
0.000000 0.000000 0.000000
1104243400
1103864952
Locator 39
1104243400
1 1 0 1 1 0 0.600000
1104243040 0 952586600 1104223920 0
1.000000 1.000000 1.000000
1.000000 1.000000 1.000000
0.000000 0.000000 0.000000
0.000000 0.000000 0.000000
-0.242406 -0.941328 -0.236820 0.848636 -0.087044 -0.522668 0.470948 -0.327366 0.819175
-0.242406 -0.941328 -0.236820 0.848636 -0.087044 -0.522668 0.470948 -0.327366 0.819175
-0.391291 0.134029 0.910454 -0.817575 -0.504783 -0.277064 0.422447 -0.852778 0.307097
-0.391292 0.134030 0.910454 -0.817575 -0.504783 -0.277064 0.422447 -0.852778 0.307097
2.276039 2.750595 4.169030
0.000000 0.000000 0.000000
5.334830 3.734465 0.483696
0.000000 0.000000 0.000000
1104242680
Locator 40
1104242680
0 1 0 1 1 1 0.600000
1104243400 0 952586600 1104224056 0
1.000000 1.000000 1.000000
1.000000 1.000000 1.000000
0.000000 0.000000 0.000000
0.000000 0.000000 0.000000
0.048256 -0.995550 -0.086587 0.810385 0.089708 -0.579802 0.584442 -0.042152 0.810344
0.048256 -0.995550 -0.086587 0.810385 0.089708 -0.579802 0.584442 -0.042152 0.810344
-0.391291 0.134029 0.910454 -0.817575 -0.504783 -0.277064 0.422447 -0.852778 0.307097
-0.064822 0.061735 0.995985 -0.935965 -0.349900 -0.039227 0.346074 -0.934751 0.080463
2.276039 2.750595 4.169030
0.000000 0.000000 0.000000
5.334830 3.734465 0.483696
0.000000 0.000000 0.000000
1104240160
1103864440
Locator 41
1104240160
1 1 0 1 1 0 0.600000
1104242680 0 952586600 1104224056 0
1.000000 1.000000 1.000000
1.000000 1.000000 1.000000
0.000000 0.000000 0.000000
0.000000 0.000000 0.000000
0.048256 -0.995550 -0.086587 0.810385 0.089708 -0.579802 0.584442 -0.042152 0.810344
0.048256 -0.995550 -0.086587 0.810385 0.089708 -0.579802 0.584442 -0.042152 0.810344
-0.064821 0.061736 0.995984 -0.935965 -0.349900 -0.039228 0.346074 -0.934751 0.080463
-0.064822 0.061735 0.995985 -0.935965 -0.349900 -0.039227 0.346074 -0.934751 0.080463
3.183034 2.685179 5.426600
0.000000 0.000000 0.000000
6.880498 3.673588 0.608567
0.000000 0.000000 0.000000
1104240520
Locator 42
1104240520
0 1 0 1 1 1 0.600000
1104240160 0 952586600 1104224328 0
1.000000 1.000000 1.000000
1.000000 1.000000 1.000000
0.000000 0.000000 0.000000
0.000000 0.000000 0.000000
0.731591 -0.388911 -0.560771 0.100698 0.874633 -0.475207 0.674649 0.290922 0.678394
0.731591 -0.388911 -0.560771 0.100698 0.874633 -0.475207 0.674649 0.290922 0.678394
-0.064821 0.061736 0.995984 -0.935965 -0.349900 -0.039228 0.346074 -0.934751 0.080463
0.013666 -0.323342 0.946184 -0.755374 0.616671 0.221647 -0.655152 -0.717751 -0.235816
3.183034 2.685179 5.426600
0.000000 0.000000 0.000000
6.880498 3.673588 0.608567
0.000000 0.000000 0.000000
1104240880
1103864568
Locator 43
1104240880
1 0 0 1 1 0 0.600000
1104240520 0 952586600 1104224328 0
1.000000 1.000000 1.000000
1.000000 1.000000 1.000000
0.000000 0.000000 0.000000
0.000000 0.000000 0.000000
0.731591 -0.388911 -0.560771 0.100698 0.874633 -0.475207 0.674649 0.290922 0.678394
0.731591 -0.388911 -0.560771 0.100698 0.874633 -0.475207 0.674649 0.290922 0.678394
0.013667 -0.323341 0.946183 -0.755374 0.616671 0.221647 -0.655152 -0.717751 -0.235817
0.013666 -0.323342 0.946184 -0.755374 0.616671 0.221647 -0.655152 -0.717751 -0.235816
4.924088 3.435957 7.177320
0.000000 0.000000 0.000000
9.322296 4.245588 0.000000
0.000000 0.000000 0.000000
IK A 46
1104244840
2 2 0 1 1 0 0.600000
1104241960 0 952586600 0 1061406808
1.000000 1.000000 1.000000
1.000000 1.000000 1.000000
0.000000 0.000000 0.000000
0.000000 0.000000 0.000000
-0.769724 -0.064814 -0.635280 -0.606680 -0.238059 0.759045 -0.200610 0.969482 0.143577
-0.769724 -0.064814 -0.635280 -0.606680 -0.238059 0.759045 -0.200610 0.969482 0.143577
0.518119 -0.000000 -0.855308 0.400238 0.883757 0.242452 0.755885 -0.467946 0.457892
-0.978090 0.201985 -0.050418 -0.008662 0.202489 0.979246 0.208003 0.958228 -0.196303
1.328149 3.409494 2.520254
0.000000 0.000000 0.000000
3.502333 4.292120 -0.134406
0.000000 0.000000 0.000000
1104239080
1104239800
Locator 32
1104239080
0 1 1 1 1 1 0.600000
1104244840 0 952586600 1104223512 0
1.000000 1.000000 1.000000
1.000000 1.000000 1.000000
0.000000 0.000000 0.000000
0.000000 0.000000 0.000000
0.282206 -0.740456 -0.583048 -0.790802 0.145047 -0.566968 0.521134 0.641701 -0.562707
0.282206 -0.740456 -0.583048 -0.790802 0.145047 -0.566968 0.521134 0.641701 -0.562707
-0.978090 0.201985 -0.050419 -0.008662 0.202488 0.979246 0.208003 0.958226 -0.196303
0.792053 -0.036858 0.609339 -0.603430 -0.198243 0.772381 0.092329 -0.979460 -0.179260
1.328149 3.409494 2.520254
0.000000 0.000000 0.000000
3.502333 4.292120 -0.134406
0.000000 0.000000 0.000000
1104244480
1103866104
Locator 33
1104244480
1 1 0 1 1 0 0.600000
1104239080 0 952586600 1104223512 0
1.000000 1.000000 1.000000
1.000000 1.000000 1.000000
0.000000 0.000000 0.000000
0.000000 0.000000 0.000000
0.282206 -0.740456 -0.583048 -0.790802 0.145047 -0.566968 0.521134 0.641701 -0.562707
0.282206 -0.740456 -0.583048 -0.790802 0.145047 -0.566968 0.521134 0.641701 -0.562707
0.792052 -0.036858 0.609339 -0.603430 -0.198243 0.772381 0.092329 -0.979459 -0.179260
0.792053 -0.036858 0.609339 -0.603430 -0.198243 0.772381 0.092329 -0.979460 -0.179260
2.438685 4.776958 1.321127
0.000000 0.000000 0.000000
4.800833 5.938061 -0.516409
0.000000 0.000000 0.000000
1104242320
Locator 34
1104242320
0 1 0 1 1 1 0.600000
1104244480 0 952586600 1104225552 0
1.000000 1.000000 1.000000
1.000000 1.000000 1.000000
0.000000 0.000000 0.000000
0.000000 0.000000 0.000000
-0.710302 0.671982 0.108492 0.447749 0.343153 0.805994 0.521134 0.641701 -0.562707
-0.710302 0.671982 0.108492 0.447749 0.343153 0.805994 0.521134 0.641701 -0.562707
0.792052 -0.036858 0.609339 -0.603430 -0.198243 0.772381 0.092329 -0.979459 -0.179260
-0.794580 -0.587316 -0.153958 -0.280301 0.129904 0.951082 -0.538586 0.798865 -0.267844
2.438685 4.776958 1.321127
0.000000 0.000000 0.000000
4.800833 5.938061 -0.516409
0.000000 0.000000 0.000000
1104243760
1103864696
Locator 35
1104243760
1 1 0 1 1 0 0.600000
1104242320 0 952586600 1104225552 0
1.000000 1.000000 1.000000
1.000000 1.000000 1.000000
0.000000 0.000000 0.000000
0.000000 0.000000 0.000000
-0.710302 0.671982 0.108492 0.447749 0.343153 0.805994 0.521134 0.641701 -0.562707
-0.710302 0.671982 0.108492 0.447749 0.343153 0.805994 0.521134 0.641701 -0.562707
-0.794580 -0.587317 -0.153959 -0.280300 0.129904 0.951082 -0.538585 0.798864 -0.267844
-0.794580 -0.587316 -0.153958 -0.280301 0.129904 0.951082 -0.538586 0.798865 -0.267844
2.974329 5.436526 0.742752
0.000000 0.000000 0.000000
4.642588 6.915625 -0.791711
0.000000 0.000000 0.000000
1104244120
Locator 36
1104244120
0 1 0 1 1 1 0.600000
1104243760 0 952586600 1104223240 0
1.000000 1.000000 1.000000
1.000000 1.000000 1.000000
0.000000 0.000000 0.000000
0.000000 0.000000 0.000000
-0.231225 0.729705 0.618001 0.807182 -0.191949 0.528651 0.521134 0.641701 -0.562707
-0.231225 0.729705 0.618001 0.807182 -0.191949 0.528651 0.521134 0.641701 -0.562707
-0.794580 -0.587317 -0.153959 -0.280300 0.129904 0.951082 -0.538585 0.798864 -0.267844
-0.604615 0.100400 -0.790165 -0.765584 0.200527 0.611285 0.219822 0.974530 -0.044377
2.974329 5.436526 0.742752
0.000000 0.000000 0.000000
4.642588 6.915625 -0.791711
0.000000 0.000000 0.000000
1104245200
1103864632
Locator 37
1104245200
1 0 0 1 1 0 0.600000
1104244120 0 952586600 1104223240 0
1.000000 1.000000 1.000000
1.000000 1.000000 1.000000
0.000000 0.000000 0.000000
0.000000 0.000000 0.000000
-0.231225 0.729705 0.618001 0.807182 -0.191949 0.528651 0.521134 0.641701 -0.562707
-0.231225 0.729705 0.618001 0.807182 -0.191949 0.528651 0.521134 0.641701 -0.562707
-0.604615 0.100399 -0.790165 -0.765584 0.200527 0.611285 0.219821 0.974529 -0.044376
-0.604615 0.100400 -0.790165 -0.765584 0.200527 0.611285 0.219822 0.974530 -0.044377
3.850335 6.515201 -0.203137
0.000000 0.000000 0.000000
3.314351 7.943172 -0.866307
0.000000 0.000000 0.000000
IK B 47
1104239800
5 0 0 1 1 0 0.600000
1104244840 0 952586600 0 1061406808
1.000000 1.000000 1.000000
1.000000 1.000000 1.000000
0.000000 0.000000 0.000000
0.000000 0.000000 0.000000
-0.978090 -0.008662 0.208003 0.201985 0.202489 0.958228 -0.050418 0.979246 -0.196303
-0.978090 -0.008662 0.208003 0.201985 0.202489 0.958228 -0.050418 0.979246 -0.196303
-0.978090 -0.008662 0.208003 0.201985 0.202489 0.958228 -0.050418 0.979246 -0.196303
-0.978090 0.201985 -0.050418 -0.008662 0.202489 0.979246 0.208003 0.958228 -0.196303
3.850335 6.515201 -0.203137
0.000000 0.000000 0.000000
3.314351 7.943172 -0.866307
0.000000 0.000000 0.000000
IK B 45
1104245560
3 0 0 1 1 0 0.600000
1104005928 0 952586600 0 952598832
1.000000 1.000000 1.000000
1.000000 1.000000 1.000000
0.000000 0.000000 0.000000
0.000000 0.000000 0.000000
0.786244 -0.569955 -0.238693 0.346815 0.726744 -0.592928 0.511411 0.383402 0.769067
0.786244 -0.569955 -0.238693 0.346815 0.726744 -0.592928 0.511411 0.383402 0.769067
1.000000 -0.000000 -0.000000 -0.000000 1.000000 -0.000000 -0.000000 -0.000000 1.000000
0.312216 -0.240066 0.919179 -0.841202 0.379763 0.384914 -0.441475 -0.893391 -0.083376
4.918765 3.435303 7.170824
0.000000 0.000000 0.000000
9.322296 4.245588 0.000000
0.000000 0.000000 0.000000

