Transformers
42
Object 7
952687568
0 0 0 0 1 0 0.600000
785285312 951893808 0 0 0
1.000000 1.000000 1.000000
1.000000 1.000000 1.000000
0.000000 0.000000 0.000000
0.000000 0.000000 0.000000
1.000000 0.000000 0.000000 0.000000 1.000000 0.000000 0.000000 0.000000 1.000000
1.000000 0.000000 0.000000 0.000000 1.000000 0.000000 0.000000 0.000000 1.000000
1.000000 0.000000 0.000000 0.000000 1.000000 0.000000 0.000000 0.000000 1.000000
1.000000 0.000000 0.000000 0.000000 1.000000 0.000000 0.000000 0.000000 1.000000
0.000000 0.000000 0.000000
0.000000 0.000000 0.000000
0.000000 0.000000 0.000000
0.000000 0.000000 0.000000
Locator 7
952711568
4 1 0 1 1 0 0.600000
785285312 0 951875832 0 0
1.000000 1.000000 1.000000
1.000000 1.000000 1.000000
0.000000 0.000000 0.000000
0.000000 0.000000 0.000000
1.000000 0.000000 0.000000 0.000000 1.000000 0.000000 0.000000 0.000000 1.000000
1.000000 0.000000 0.000000 0.000000 1.000000 0.000000 0.000000 0.000000 1.000000
1.000000 0.000000 0.000000 0.000000 1.000000 0.000000 0.000000 0.000000 1.000000
1.000000 0.000000 0.000000 0.000000 1.000000 0.000000 0.000000 0.000000 1.000000
2.681816 -2.167676 0.000000
0.000000 0.000000 0.000000
2.681816 -2.167676 0.000000
0.000000 0.000000 0.000000
952711928
Locator 8
952711928
0 1 0 1 1 1 0.600000
952711568 0 951875832 811894952 0
1.000000 1.000000 1.000000
1.000000 1.000000 1.000000
0.000000 0.000000 0.000000
0.000000 0.000000 0.000000
0.197258 0.943017 -0.267972 -0.187523 -0.232001 -0.954469 -0.962250 0.238528 0.131073
0.197258 0.943017 -0.267972 -0.187523 -0.232001 -0.954469 -0.962250 0.238528 0.131073
1.000000 0.000000 0.000000 0.000000 1.000000 0.000000 0.000000 0.000000 1.000000
0.197258 -0.187523 -0.962250 0.943017 -0.232001 0.238528 -0.267972 -0.954469 0.131073
2.681816 -2.167676 0.000000
0.000000 0.000000 0.000000
2.681816 -2.167676 0.000000
0.000000 0.000000 0.000000
952712288
951866624
Locator 9
952712288
1 1 0 1 1 0 0.600000
952711928 0 951875832 811894952 0
1.000000 1.000000 1.000000
1.000000 1.000000 1.000000
0.000000 0.000000 0.000000
0.000000 0.000000 0.000000
0.197258 0.943017 -0.267972 -0.187523 -0.232001 -0.954469 -0.962250 0.238528 0.131073
0.197258 0.943017 -0.267972 -0.187523 -0.232001 -0.954469 -0.962250 0.238528 0.131073
0.197258 -0.187523 -0.962251 0.943018 -0.232001 0.238529 -0.267972 -0.954469 0.131073
0.197258 -0.187523 -0.962250 0.943017 -0.232001 0.238528 -0.267972 -0.954469 0.131073
0.033515 -1.511201 0.360740
0.000000 0.000000 0.000000
0.033515 -1.511201 0.360740
0.000000 0.000000 0.000000
952712648
Locator 10
952712648
0 1 0 1 1 1 0.600000
952712288 0 951875832 811893728 0
1.000000 1.000000 1.000000
1.000000 1.000000 1.000000
0.000000 0.000000 0.000000
0.000000 0.000000 0.000000
0.635448 0.686161 0.354105 -0.005977 0.462957 -0.886361 -0.772121 0.561121 0.298285
0.635448 0.686161 0.354105 -0.005977 0.462957 -0.886361 -0.772121 0.561121 0.298285
0.197258 -0.187523 -0.962251 0.943018 -0.232001 0.238529 -0.267972 -0.954469 0.131073
0.635448 -0.005976 -0.772121 0.686160 0.462957 0.561120 0.354105 -0.886361 0.298285
0.033515 -1.511201 0.360740
0.000000 0.000000 0.000000
0.033515 -1.511201 0.360740
0.000000 0.000000 0.000000
952721208
951867448
Locator 11
952721208
1 2 0 1 1 0 0.600000
952712648 0 951875832 811893728 0
1.000000 1.000000 1.000000
1.000000 1.000000 1.000000
0.000000 0.000000 0.000000
0.000000 0.000000 0.000000
0.635448 0.686161 0.354105 -0.005977 0.462957 -0.886361 -0.772121 0.561121 0.298285
0.635448 0.686161 0.354105 -0.005977 0.462957 -0.886361 -0.772121 0.561121 0.298285
0.635448 -0.005976 -0.772122 0.686160 0.462958 0.561120 0.354105 -0.886361 0.298285
0.635448 -0.005976 -0.772121 0.686160 0.462957 0.561120 0.354105 -0.886361 0.298285
-1.596387 -0.326710 0.990402
0.000000 0.000000 0.000000
-1.596387 -0.326710 0.990402
0.000000 0.000000 0.000000
952721568
952724488
Locator 12
952721568
0 1 0 1 1 1 0.600000
952721208 0 951875832 952709400 0
1.000000 1.000000 1.000000
1.000000 1.000000 1.000000
0.000000 0.000000 0.000000
0.000000 0.000000 0.000000
0.452999 0.144625 -0.879701 -0.647210 -0.625269 -0.436074 -0.613117 0.766893 -0.189645
0.452999 0.144625 -0.879701 -0.647210 -0.625269 -0.436074 -0.613117 0.766893 -0.189645
0.635448 -0.005976 -0.772122 0.686160 0.462958 0.561120 0.354105 -0.886361 0.298285
0.453000 -0.647209 -0.613116 0.144625 -0.625268 0.766892 -0.879701 -0.436074 -0.189644
-1.596387 -0.326710 0.990402
0.000000 0.000000 0.000000
-1.596387 -0.326710 0.990402
0.000000 0.000000 0.000000
952721928
951867672
Locator 13
952721928
1 1 0 1 1 0 0.600000
952721568 0 951875832 952709400 0
1.000000 1.000000 1.000000
1.000000 1.000000 1.000000
0.000000 0.000000 0.000000
0.000000 0.000000 0.000000
0.452999 0.144625 -0.879701 -0.647210 -0.625269 -0.436074 -0.613117 0.766893 -0.189645
0.452999 0.144625 -0.879701 -0.647210 -0.625269 -0.436074 -0.613117 0.766893 -0.189645
0.453000 -0.647209 -0.613116 0.144625 -0.625268 0.766892 -0.879700 -0.436074 -0.189644
0.453000 -0.647209 -0.613116 0.144625 -0.625268 0.766892 -0.879701 -0.436074 -0.189644
-3.054959 1.497687 0.539249
0.000000 0.000000 0.000000
-3.054959 1.497687 0.539249
0.000000 0.000000 0.000000
952722288
Locator 14
952722288
0 1 0 1 1 1 0.600000
952721928 0 951875832 952710352 0
1.000000 1.000000 1.000000
1.000000 1.000000 1.000000
0.000000 0.000000 0.000000
0.000000 0.000000 0.000000
-0.266472 -0.960048 -0.085458 -0.298052 -0.002240 0.954545 -0.916602 0.279831 -0.285550
-0.266472 -0.960048 -0.085458 -0.298052 -0.002240 0.954545 -0.916602 0.279831 -0.285550
0.453000 -0.647209 -0.613116 0.144625 -0.625268 0.766892 -0.879700 -0.436074 -0.189644
-0.266471 -0.298054 -0.916601 -0.960047 -0.002240 0.279830 -0.085458 0.954546 -0.285549
-3.054959 1.497687 0.539249
0.000000 0.000000 0.000000
-3.054959 1.497687 0.539249
0.000000 0.000000 0.000000
952722648
951891104
Locator 15
952722648
1 2 0 1 1 0 0.600000
952722288 0 951875832 952710352 0
1.000000 1.000000 1.000000
1.000000 1.000000 1.000000
0.000000 1.033426 0.000000
0.000000 0.000000 0.000000
0.690292 -0.691184 0.213920 -0.298052 -0.002240 0.954545 -0.659288 -0.722675 -0.207556
0.690292 -0.691184 0.213920 -0.298052 -0.002240 0.954545 -0.659288 -0.722675 -0.207556
-0.266471 -0.298054 -0.916601 -0.960047 -0.002240 0.279830 -0.085458 0.954545 -0.285549
-0.266471 -0.298054 -0.916601 -0.960047 -0.002240 0.279830 -0.085458 0.954546 -0.285549
-4.641057 1.981908 0.045131
0.000000 0.000000 0.000000
-4.641057 1.981908 0.045131
0.000000 0.000000 0.000000
952723008
952725928
Locator 16
952723008
0 1 0 1 1 1 0.600000
952722648 0 951875832 952709536 0
1.000000 1.000000 1.000000
1.000000 1.000000 1.000000
0.000000 0.000000 0.000000
0.000000 0.000000 0.000000
-0.416439 0.833468 0.363198 -0.161552 0.325296 -0.931707 -0.894698 -0.446676 -0.000825
-0.416439 0.833468 0.363198 -0.161552 0.325296 -0.931707 -0.894698 -0.446676 -0.000825
-0.266471 -0.298054 -0.916601 -0.960047 -0.002240 0.279830 -0.085458 0.954545 -0.285549
0.439166 0.334282 -0.833899 0.640585 0.534284 0.551536 0.629908 -0.776399 0.020504
-4.641057 1.981908 0.045131
0.000000 0.000000 0.000000
-4.641057 1.981908 0.045131
0.000000 0.000000 0.000000
952725568
951891168
Locator 17
952725568
1 1 0 1 1 0 0.600000
952723008 0 951875832 952709536 0
1.000000 1.000000 1.000000
1.000000 1.000000 1.000000
0.000000 0.000000 0.000000
0.000000 0.000000 0.000000
-0.416439 0.833468 0.363198 -0.161552 0.325296 -0.931707 -0.894698 -0.446676 -0.000825
-0.416439 0.833468 0.363198 -0.161552 0.325296 -0.931707 -0.894698 -0.446676 -0.000825
0.439165 0.334281 -0.833898 0.640585 0.534283 0.551537 0.629908 -0.776399 0.020505
0.439166 0.334282 -0.833899 0.640585 0.534284 0.551536 0.629908 -0.776399 0.020504
-7.366440 0.621265 0.042618
0.000000 0.000000 0.000000
-7.181239 3.661968 0.107589
0.000000 0.000000 0.000000
952723768
Locator 18
952723768
0 1 0 1 1 1 0.600000
952725568 0 951875832 952707768 0
1.000000 1.000000 1.000000
1.000000 1.000000 1.000000
0.000000 1.359331 0.000000
0.000000 0.000000 0.000000
0.974872 0.221105 -0.027161 -0.027549 -0.001360 -0.999615 -0.221058 0.975251 0.004767
0.974872 0.221105 -0.027161 -0.027549 -0.001360 -0.999615 -0.221058 0.975251 0.004767
0.439165 0.334281 -0.833898 0.640585 0.534283 0.551537 0.629908 -0.776399 0.020505
0.810259 0.136029 -0.570068 0.518173 0.288181 0.805263 0.273822 -0.947865 0.163015
-7.366440 0.621265 0.042618
0.000000 0.000000 0.000000
-7.181239 3.661968 0.107589
0.000000 0.000000 0.000000
952726288
951891456
Locator 19
952726288
1 0 0 1 1 0 0.600000
952723768 0 951875832 952707768 0
1.000000 1.000000 1.000000
1.000000 1.000000 1.000000
0.000000 0.000000 0.000000
0.000000 0.000000 0.000000
0.974872 0.221105 -0.027161 -0.027549 -0.001360 -0.999615 -0.221058 0.975251 0.004767
0.974872 0.221105 -0.027161 -0.027549 -0.001360 -0.999615 -0.221058 0.975251 0.004767
0.810260 0.136029 -0.570068 0.518174 0.288181 0.805263 0.273822 -0.947865 0.163015
0.810259 0.136029 -0.570068 0.518173 0.288181 0.805263 0.273822 -0.947865 0.163015
-7.872131 2.852244 0.053522
-7.181239 3.661972 2.395185
-8.485321 5.504082 0.480500
0.000000 0.000000 0.000000
Locator 20
952725928
0 1 0 1 1 1 0.600000
952722648 0 951875832 952708040 0
1.000000 1.000000 1.000000
1.000000 1.000000 1.000000
0.000000 0.000000 0.000000
0.000000 0.000000 0.000000
0.841389 0.092281 0.532499 -0.536657 0.258938 0.803082 -0.063773 -0.961479 0.267387
0.841389 0.092281 0.532499 -0.536657 0.258938 0.803082 -0.063773 -0.961479 0.267387
-0.266471 -0.298054 -0.916601 -0.960047 -0.002240 0.279830 -0.085458 0.954545 -0.285549
0.426068 -0.175359 -0.887533 -0.811115 0.360467 -0.460604 0.400697 0.916140 0.011348
-4.641057 1.981908 0.045131
0.000000 0.000000 0.000000
-4.641057 1.981908 0.045131
0.000000 0.000000 0.000000
952726648
951891904
Locator 21
952726648
1 1 0 1 1 0 0.600000
952725928 0 951875832 952708040 0
1.000000 1.000000 1.000000
1.000000 1.000000 1.000000
0.000000 0.000000 0.000000
0.000000 0.000000 0.000000
0.841389 0.092281 0.532499 -0.536657 0.258938 0.803082 -0.063773 -0.961479 0.267387
0.841389 0.092281 0.532499 -0.536657 0.258938 0.803082 -0.063773 -0.961479 0.267387
0.426067 -0.175360 -0.887533 -0.811115 0.360467 -0.460604 0.400696 0.916140 0.011349
0.426068 -0.175359 -0.887533 -0.811115 0.360467 -0.460604 0.400697 0.916140 0.011348
-4.782852 -0.155888 0.639652
0.000000 0.000000 0.000000
-6.614439 0.957780 0.070362
0.000000 0.000000 0.000000
952727008
Locator 22
952727008
0 1 0 1 1 1 0.600000
952726648 0 951875832 952708312 0
1.000000 1.000000 1.000000
1.000000 1.000000 1.000000
0.000000 0.000000 0.000000
0.000000 0.000000 0.000000
0.972446 0.151814 0.176943 -0.213488 0.274877 0.937474 0.093688 -0.949421 0.299710
0.972446 0.151814 0.176943 -0.213488 0.274877 0.937474 0.093688 -0.949421 0.299710
0.426067 -0.175360 -0.887533 -0.811115 0.360467 -0.460604 0.400696 0.916140 0.011349
0.597025 -0.017626 -0.802029 -0.800161 0.058554 -0.596921 0.057484 0.998129 0.020854
-4.782852 -0.155888 0.639652
0.000000 0.000000 0.000000
-6.614439 0.957780 0.070362
0.000000 0.000000 0.000000
952723408
951892160
Locator 23
952723408
1 1 0 1 1 0 0.600000
952727008 0 951875832 952708312 0
1.000000 1.000000 1.000000
1.000000 1.000000 1.000000
0.000000 0.000000 0.000000
0.000000 0.000000 0.000000
0.972446 0.151814 0.176943 -0.213488 0.274877 0.937474 0.093688 -0.949421 0.299710
0.972446 0.151814 0.176943 -0.213488 0.274877 0.937474 0.093688 -0.949421 0.299710
0.597025 -0.017625 -0.802029 -0.800162 0.058554 -0.596921 0.057485 0.998130 0.020853
0.597025 -0.017626 -0.802029 -0.800161 0.058554 -0.596921 0.057484 0.998129 0.020854
-4.585367 -2.157188 1.271416
0.000000 0.000000 0.000000
-8.305048 -0.300479 0.114321
0.000000 0.000000 0.000000
952724128
Locator 24
952724128
0 1 0 1 1 1 0.600000
952723408 0 951875832 952709128 0
1.000000 1.000000 1.000000
1.000000 1.000000 1.000000
0.000000 1.175488 0.000000
0.000000 0.000000 0.000000
0.368047 0.914740 -0.166700 0.247845 -0.269320 -0.930609 -0.896166 0.301194 -0.325839
0.368047 0.914740 -0.166700 0.247845 -0.269320 -0.930609 -0.896166 0.301194 -0.325839
0.597025 -0.017625 -0.802029 -0.800162 0.058554 -0.596921 0.057485 0.998130 0.020853
0.170884 0.038791 -0.984527 0.982113 -0.086898 0.167041 -0.079074 -0.995462 -0.052946
-4.585367 -2.157188 1.271416
0.000000 0.000000 0.000000
-8.305048 -0.300479 0.114321
0.000000 0.000000 0.000000
952724848
951892224
Locator 25
952724848
1 0 0 1 1 0 0.600000
952724128 0 951875832 952709128 0
1.000000 1.000000 1.000000
1.000000 1.000000 1.000000
0.000000 0.000000 0.000000
0.000000 0.000000 0.000000
0.368047 0.914740 -0.166700 0.247845 -0.269320 -0.930609 -0.896166 0.301194 -0.325839
0.368047 0.914740 -0.166700 0.247845 -0.269320 -0.930609 -0.896166 0.301194 -0.325839
0.170884 0.038792 -0.984526 0.982113 -0.086898 0.167041 -0.079074 -0.995463 -0.052945
0.170884 0.038791 -0.984527 0.982113 -0.086898 0.167041 -0.079074 -0.995462 -0.052946
-6.520364 -1.506851 0.567865
-8.305048 -0.300478 2.273515
-10.430831 0.060194 0.000000
0.000000 0.000000 0.000000
IK A 44
952724488
2 2 0 1 1 0 0.600000
952721208 0 951875832 0 952684648
1.000000 1.000000 1.000000
1.000000 1.000000 1.000000
0.000000 0.000000 0.000000
0.000000 0.000000 0.000000
0.312216 -0.841204 -0.441475 -0.240067 0.379763 -0.893392 0.919179 0.384914 -0.083376
0.312216 -0.841204 -0.441475 -0.240067 0.379763 -0.893392 0.919179 0.384914 -0.083376
-0.535131 0.000000 -0.844769 -0.208326 0.969116 0.131967 0.818679 0.246607 -0.518604
0.312216 -0.240066 0.919179 -0.841202 0.379763 0.384914 -0.441475 -0.893391 -0.083376
-1.596387 -0.326710 0.990402
0.000000 0.000000 0.000000
-1.596387 -0.326710 0.990402
0.000000 0.000000 0.000000
952725208
952728232
Locator 26
952725208
0 1 0 1 1 1 0.600000
952724488 0 951875832 952708176 0
1.000000 1.000000 1.000000
1.000000 1.000000 1.000000
0.000000 0.000000 0.000000
0.000000 0.000000 0.000000
-0.444059 0.756144 -0.391528 -0.135738 0.373064 0.874434 0.875332 0.478669 -0.068339
-0.444059 0.756144 -0.391528 -0.135738 0.373064 0.874434 0.875332 0.478669 -0.068339
0.312216 -0.240066 0.919179 -0.841202 0.379763 0.384914 -0.441475 -0.893391 -0.083376
-0.742966 -0.080263 0.664499 0.589981 0.390336 0.706796 -0.316108 0.917167 -0.242653
-1.596387 -0.326710 0.990402
0.000000 0.000000 0.000000
-1.596387 -0.326710 0.990402
0.000000 0.000000 0.000000
952730752
951892704
Locator 27
952730752
1 1 0 1 1 0 0.600000
952725208 0 951875832 952708176 0
1.000000 1.000000 1.000000
1.000000 1.000000 1.000000
0.000000 0.000000 0.000000
0.000000 0.000000 0.000000
-0.444059 0.756144 -0.391528 -0.135738 0.373064 0.874434 0.875332 0.478669 -0.068339
-0.444059 0.756144 -0.391528 -0.135738 0.373064 0.874434 0.875332 0.478669 -0.068339
-0.742966 -0.080263 0.664499 0.589981 0.390336 0.706796 -0.316108 0.917167 -0.242653
-0.742966 -0.080263 0.664499 0.589981 0.390336 0.706796 -0.316108 0.917167 -0.242653
1.400724 1.312237 0.756410
0.000000 0.000000 0.000000
0.367258 1.761925 0.273345
0.000000 0.000000 0.000000
952732552
Locator 28
952732552
0 1 0 1 1 1 0.600000
952730752 0 951875832 952711032 0
1.000000 1.000000 1.000000
1.000000 1.000000 1.000000
0.000000 0.000000 0.000000
0.000000 0.000000 0.000000
-0.462971 0.819291 -0.191458 -0.035655 0.199229 0.938761 0.875332 0.478669 -0.068340
-0.462971 0.819291 -0.191458 -0.035655 0.199229 0.938761 0.875332 0.478669 -0.068340
-0.742966 -0.080263 0.664499 0.589981 0.390336 0.706796 -0.316108 0.917167 -0.242653
-0.716334 0.005734 0.697734 0.684662 0.198598 0.701282 -0.134548 0.980064 -0.146189
1.400724 1.312237 0.756410
0.000000 0.000000 0.000000
0.367258 1.761925 0.273345
0.000000 0.000000 0.000000
952730392
952689712
Locator 29
952730392
1 1 0 1 1 0 0.600000
952732552 0 951875832 952711032 0
1.000000 1.000000 1.000000
1.000000 1.000000 1.000000
0.000000 0.000000 0.000000
0.000000 0.000000 0.000000
-0.462971 0.819291 -0.191458 -0.035655 0.199229 0.938761 0.875332 0.478669 -0.068340
-0.462971 0.819291 -0.191458 -0.035655 0.199229 0.938761 0.875332 0.478669 -0.068340
-0.716334 0.005734 0.697734 0.684662 0.198597 0.701282 -0.134548 0.980064 -0.146189
-0.716334 0.005734 0.697734 0.684662 0.198598 0.701282 -0.134548 0.980064 -0.146189
3.807553 2.628393 0.568502
0.000000 0.000000 0.000000
2.023031 3.426118 -0.073571
0.000000 0.000000 0.000000
952733272
Locator 30
952733272
0 1 0 1 1 1 0.600000
952730392 0 951875832 952708448 0
1.000000 1.000000 1.000000
1.000000 1.000000 1.000000
0.000000 0.000000 0.000000
0.000000 0.000000 0.000000
-0.418633 0.808978 0.304201 0.200896 -0.237668 0.908511 0.875332 0.478668 -0.068339
-0.418633 0.808978 0.304201 0.200896 -0.237668 0.908511 0.875332 0.478668 -0.068339
-0.716334 0.005734 0.697734 0.684662 0.198597 0.701282 -0.134548 0.980064 -0.146189
-0.464036 0.202099 0.862454 0.816753 -0.279283 0.504891 0.342907 0.938700 -0.035468
3.807553 2.628393 0.568502
0.000000 0.000000 0.000000
2.023031 3.426118 -0.073571
0.000000 0.000000 0.000000
952731832
952688368
Locator 31
952731832
1 2 0 1 1 0 0.600000
952733272 0 951875832 952708448 0
1.000000 1.000000 1.000000
1.000000 1.000000 1.000000
0.000000 0.000000 0.000000
0.000000 0.000000 0.000000
-0.418633 0.808978 0.304201 0.200896 -0.237668 0.908511 0.875332 0.478668 -0.068339
-0.418633 0.808978 0.304201 0.200896 -0.237668 0.908511 0.875332 0.478668 -0.068339
-0.464037 0.202099 0.862454 0.816753 -0.279284 0.504891 0.342906 0.938699 -0.035469
-0.464036 0.202099 0.862454 0.816753 -0.279283 0.504891 0.342907 0.938700 -0.035468
5.547176 3.579693 0.432686
0.000000 0.000000 0.000000
3.502333 4.292120 -0.134406
0.000000 0.000000 0.000000
952731472
952732912
Locator 38
952731472
0 1 0 1 1 1 0.600000
952731832 0 951875832 952710896 0
1.000000 1.000000 1.000000
1.000000 1.000000 1.000000
0.000000 0.000000 0.000000
0.000000 0.000000 0.000000
0.420377 -0.695728 0.511354 0.197224 -0.476333 -0.810214 0.875332 0.478669 -0.068340
0.420377 -0.695728 0.511354 0.197224 -0.476333 -0.810214 0.875332 0.478669 -0.068340
-0.464037 0.202099 0.862454 0.816753 -0.279284 0.504891 0.342906 0.938699 -0.035469
-0.391292 0.134030 0.910454 -0.817575 -0.504783 -0.277064 0.422447 -0.852778 0.307097
5.547176 3.579693 0.432686
0.000000 0.000000 0.000000
3.502333 4.292120 -0.134406
0.000000 0.000000 0.000000
952729672
952689840
Locator 39
952729672
1 1 0 1 1 0 0.600000
952731472 0 951875832 952710896 0
1.000000 1.000000 1.000000
1.000000 1.000000 1.000000
0.000000 0.000000 0.000000
0.000000 0.000000 0.000000
0.420377 -0.695728 0.511354 0.197224 -0.476333 -0.810214 0.875332 0.478669 -0.068340
0.420377 -0.695728 0.511354 0.197224 -0.476333 -0.810214 0.875332 0.478669 -0.068340
-0.391291 0.134029 0.910454 -0.817575 -0.504783 -0.277064 0.422447 -0.852778 0.307097
-0.391292 0.134030 0.910454 -0.817575 -0.504783 -0.277064 0.422447 -0.852778 0.307097
7.588534 4.695995 0.273311
0.000000 0.000000 0.000000
5.334830 3.734465 0.483696
0.000000 0.000000 0.000000
952734712
Locator 40
952734712
0 1 0 1 1 1 0.600000
952729672 0 951875832 952708720 0
1.000000 1.000000 1.000000
1.000000 1.000000 1.000000
0.000000 0.000000 0.000000
0.000000 0.000000 0.000000
0.450041 -0.773117 0.349270 0.114350 -0.336483 -0.892155 0.875332 0.478668 -0.068339
0.450041 -0.773117 0.349270 0.114350 -0.336483 -0.892155 0.875332 0.478668 -0.068339
-0.391291 0.134029 0.910454 -0.817575 -0.504783 -0.277064 0.422447 -0.852778 0.307097
-0.064822 0.061735 0.995985 -0.935965 -0.349900 -0.039227 0.346074 -0.934751 0.080463
7.588534 4.695995 0.273311
0.000000 0.000000 0.000000
5.334830 3.734465 0.483696
0.000000 0.000000 0.000000
952732192
952689392
Locator 41
952732192
1 1 0 1 1 0 0.600000
952734712 0 951875832 952708720 0
1.000000 1.000000 1.000000
1.000000 1.000000 1.000000
0.000000 0.000000 0.000000
0.000000 0.000000 0.000000
0.450041 -0.773117 0.349270 0.114350 -0.336483 -0.892155 0.875332 0.478668 -0.068339
0.450041 -0.773117 0.349270 0.114350 -0.336483 -0.892155 0.875332 0.478668 -0.068339
-0.064821 0.061736 0.995984 -0.935965 -0.349900 -0.039228 0.346074 -0.934751 0.080463
-0.064822 0.061735 0.995985 -0.935965 -0.349900 -0.039227 0.346074 -0.934751 0.080463
9.162509 5.556709 0.150427
0.000000 0.000000 0.000000
6.880498 3.673588 0.608567
0.000000 0.000000 0.000000
952735072
Locator 42
952735072
0 1 0 1 1 1 0.600000
952732192 0 951875832 952708856 0
1.000000 1.000000 1.000000
1.000000 1.000000 1.000000
0.000000 0.000000 0.000000
0.000000 0.000000 0.000000
0.298805 -0.639397 -0.651247 -0.355428 0.549637 -0.702713 0.875332 0.478669 -0.068340
0.298805 -0.639397 -0.651247 -0.355428 0.549637 -0.702713 0.875332 0.478669 -0.068340
-0.064821 0.061736 0.995984 -0.935965 -0.349900 -0.039228 0.346074 -0.934751 0.080463
0.013666 -0.323342 0.946184 -0.755374 0.616671 0.221647 -0.655152 -0.717751 -0.235816
9.162509 5.556709 0.150427
0.000000 0.000000 0.000000
6.880498 3.673588 0.608567
0.000000 0.000000 0.000000
952731112
952688560
Locator 43
952731112
1 0 0 1 1 0 0.600000
952735072 0 951875832 952708856 0
1.000000 1.000000 1.000000
1.000000 1.000000 1.000000
0.000000 0.000000 0.000000
0.000000 0.000000 0.000000
0.298805 -0.639397 -0.651247 -0.355428 0.549637 -0.702713 0.875332 0.478669 -0.068340
0.298805 -0.639397 -0.651247 -0.355428 0.549637 -0.702713 0.875332 0.478669 -0.068340
0.013667 -0.323341 0.946183 -0.755374 0.616671 0.221647 -0.655152 -0.717751 -0.235817
0.013666 -0.323342 0.946184 -0.755374 0.616671 0.221647 -0.655152 -0.717751 -0.235816
11.779900 6.988010 -0.053920
0.000000 0.000000 0.000000
9.322296 4.245588 0.000000
0.000000 0.000000 0.000000
IK A 46
952732912
2 2 0 1 1 0 0.600000
952731832 0 951875832 0 952687296
1.000000 1.000000 1.000000
1.000000 1.000000 1.000000
0.000000 0.000000 0.000000
0.000000 0.000000 0.000000
-0.965580 0.009738 0.216063 0.222217 0.229797 0.908086 -0.009640 0.941888 -0.226485
-0.965580 0.009738 0.216063 0.222217 0.229797 0.908086 -0.009640 0.941888 -0.226485
0.518119 -0.000000 -0.855308 0.400238 0.883757 0.242452 0.755885 -0.467946 0.457892
-0.978090 0.201985 -0.050418 -0.008662 0.202489 0.979246 0.208003 0.958228 -0.196303
5.547176 3.579693 0.432686
0.000000 0.000000 0.000000
3.502333 4.292120 -0.134406
0.000000 0.000000 0.000000
952734352
952728952
Locator 32
952734352
0 1 1 1 1 1 0.600000
952732912 0 951875832 952709672 0
1.000000 1.000000 1.000000
1.000000 1.000000 1.000000
0.000000 0.000000 0.000000
0.000000 0.000000 0.000000
0.871078 0.454456 0.195913 0.288314 -0.143673 -0.948643 -0.401486 0.879580 -0.255242
0.871078 0.454456 0.195913 0.288314 -0.143673 -0.948643 -0.401486 0.879580 -0.255242
-0.978090 0.201985 -0.050419 -0.008662 0.202488 0.979246 0.208003 0.958226 -0.196303
0.792053 -0.036858 0.609339 -0.603430 -0.198243 0.772381 0.092329 -0.979460 -0.179260
5.547176 3.579693 0.432686
0.000000 0.000000 0.000000
3.502333 4.292120 -0.134406
0.000000 0.000000 0.000000
952733632
952689520
Locator 33
952733632
1 1 0 1 1 0 0.600000
952734352 0 951875832 952709672 0
1.000000 1.000000 1.000000
1.000000 1.000000 1.000000
0.000000 0.000000 0.000000
0.000000 0.000000 0.000000
0.871078 0.454456 0.195913 0.288314 -0.143673 -0.948643 -0.401486 0.879580 -0.255242
0.871078 0.454456 0.195913 0.288314 -0.143673 -0.948643 -0.401486 0.879580 -0.255242
0.792052 -0.036858 0.609339 -0.603430 -0.198243 0.772381 0.092329 -0.979459 -0.179260
0.792053 -0.036858 0.609339 -0.603430 -0.198243 0.772381 0.092329 -0.979460 -0.179260
4.697569 5.441024 -0.107448
0.000000 0.000000 0.000000
4.800833 5.938061 -0.516409
0.000000 0.000000 0.000000
952733992
Locator 34
952733992
0 1 0 1 1 1 0.600000
952733632 0 951875832 952711304 0
1.000000 1.000000 1.000000
1.000000 1.000000 1.000000
0.000000 0.000000 0.000000
0.000000 0.000000 0.000000
-0.402374 -0.613491 -0.682211 -0.700575 -0.275571 0.661018 -0.591325 0.741190 -0.317761
-0.402374 -0.613491 -0.682211 -0.700575 -0.275571 0.661018 -0.591325 0.741190 -0.317761
0.792052 -0.036858 0.609339 -0.603430 -0.198243 0.772381 0.092329 -0.979459 -0.179260
-0.794580 -0.587316 -0.153958 -0.280301 0.129904 0.951082 -0.538586 0.798865 -0.267844
4.697569 5.441024 -0.107448
0.000000 0.000000 0.000000
4.800833 5.938061 -0.516409
0.000000 0.000000 0.000000
952728592
952689328
Locator 35
952728592
1 1 0 1 1 0 0.600000
952733992 0 951875832 952711304 0
1.000000 1.000000 1.000000
1.000000 1.000000 1.000000
0.000000 0.000000 0.000000
0.000000 0.000000 0.000000
-0.402374 -0.613491 -0.682211 -0.700575 -0.275571 0.661018 -0.591325 0.741190 -0.317761
-0.402374 -0.613491 -0.682211 -0.700575 -0.275571 0.661018 -0.591325 0.741190 -0.317761
-0.794580 -0.587317 -0.153959 -0.280300 0.129904 0.951082 -0.538585 0.798864 -0.267844
-0.794580 -0.587316 -0.153958 -0.280301 0.129904 0.951082 -0.538586 0.798865 -0.267844
4.094252 6.197247 -0.431653
0.000000 0.000000 0.000000
4.642588 6.915625 -0.791711
0.000000 0.000000 0.000000
952727512
Locator 36
952727512
0 1 0 1 1 1 0.600000
952728592 0 951875832 952708584 0
1.000000 1.000000 1.000000
1.000000 1.000000 1.000000
0.000000 0.000000 0.000000
0.000000 0.000000 0.000000
-0.612613 -0.792713 -0.000888 -0.238821 0.183491 0.955502 -0.754491 0.583412 -0.300621
-0.612613 -0.792713 -0.000888 -0.238821 0.183491 0.955502 -0.754491 0.583412 -0.300621
-0.794580 -0.587317 -0.153959 -0.280300 0.129904 0.951082 -0.538585 0.798864 -0.267844
-0.604615 0.100400 -0.790165 -0.765584 0.200527 0.611285 0.219822 0.974530 -0.044377
4.094252 6.197247 -0.431653
0.000000 0.000000 0.000000
4.642588 6.915625 -0.791711
0.000000 0.000000 0.000000
952727872
952689776
Locator 37
952727872
1 0 0 1 1 0 0.600000
952727512 0 951875832 952708584 0
1.000000 1.000000 1.000000
1.000000 1.000000 1.000000
0.000000 0.000000 0.000000
0.000000 0.000000 0.000000
-0.612613 -0.792713 -0.000888 -0.238821 0.183491 0.955502 -0.754491 0.583412 -0.300621
-0.612613 -0.792713 -0.000888 -0.238821 0.183491 0.955502 -0.754491 0.583412 -0.300621
-0.604615 0.100399 -0.790165 -0.765584 0.200527 0.611285 0.219821 0.974529 -0.044376
-0.604615 0.100400 -0.790165 -0.765584 0.200527 0.611285 0.219822 0.974530 -0.044377
2.834601 7.171274 -0.933551
0.000000 0.000000 0.000000
3.314351 7.943172 -0.866307
0.000000 0.000000 0.000000
IK B 47
952728952
3 0 0 1 1 0 0.600000
952732912 0 951875832 0 952687296
1.000000 1.000000 1.000000
1.000000 1.000000 1.000000
0.000000 0.000000 0.000000
0.000000 0.000000 0.000000
-0.965580 0.009738 0.216063 0.222217 0.229797 0.908086 -0.009640 0.941888 -0.226485
-0.965580 0.009738 0.216063 0.222217 0.229797 0.908086 -0.009640 0.941888 -0.226485
1.000000 -0.000000 0.000000 -0.000000 1.000000 0.000000 0.000000 0.000000 1.000000
-0.978090 0.201985 -0.050418 -0.008662 0.202489 0.979246 0.208003 0.958228 -0.196303
2.834601 7.171274 -0.933551
0.000000 0.000000 0.000000
3.314351 7.943172 -0.866307
0.000000 0.000000 0.000000
IK B 45
952728232
3 0 0 1 1 0 0.600000
952724488 0 951875832 0 952684648
1.000000 1.000000 1.000000
1.000000 1.000000 1.000000
0.000000 0.000000 0.000000
0.000000 0.000000 0.000000
0.312216 -0.841204 -0.441475 -0.240067 0.379763 -0.893392 0.919179 0.384914 -0.083376
0.312216 -0.841204 -0.441475 -0.240067 0.379763 -0.893392 0.919179 0.384914 -0.083376
1.000000 -0.000000 -0.000000 -0.000000 1.000000 -0.000000 -0.000000 -0.000000 1.000000
0.312216 -0.240066 0.919179 -0.841202 0.379763 0.384914 -0.441475 -0.893391 -0.083376
11.779899 6.988010 -0.053920
0.000000 0.000000 0.000000
9.322296 4.245588 0.000000
0.000000 0.000000 0.000000

