Bones
14
Bone 0
803702248
0
0.518346 0.855171 0.000000 -0.000000 0.000000 -1.000000 -0.855171 0.518346 0.000000
0.518346 0.855171 0.000000 0.000000 0.000000 -1.000000 -0.855171 0.518346 0.000000
1063178576 1063178928 1063161344
1 0.866098
1063974032
Bone 1
803702384
803702248
0.341419 0.939911 0.000000 -0.000000 0.000000 -1.000000 -0.939911 0.341419 0.000000
0.980758 0.000000 0.195228 0.000000 1.000000 0.000000 -0.195228 0.000000 0.980758
1063179280 1063984696 1063161344
3 1.278404
1063974032
Bone 2
803702520
803702384
0.072998 -0.997332 0.000000 0.000000 0.000000 1.000000 -0.997332 -0.072998 0.000000
-0.912481 -0.000000 -0.409120 0.000000 -1.000000 0.000000 -0.409120 0.000000 0.912481
1063985048 1063985400 1063161344
3 1.098767
1063974032
Bone 3
803702792
803702520
0.516958 -0.856011 0.000000 0.000000 0.000000 1.000000 -0.856011 -0.516958 0.000000
0.891464 0.000000 -0.453092 0.000000 1.000000 0.000000 0.453092 0.000000 0.891464
1063985752 1063986104 1063161344
3 0.942785
1063974032
Bone 4
803703608
803702792
0.721872 -0.692027 0.000000 0.000000 0.000000 1.000000 -0.692027 -0.721872 0.000000
0.965560 0.000000 -0.260181 0.000000 1.000000 0.000000 0.260181 0.000000 0.965560
1063994656 1063999112 1063161344
3 1.305548
1063974032
Bone 5
803702928
803703608
0.700736 -0.713421 0.000000 0.000000 0.000000 1.000000 -0.713421 -0.700736 0.000000
0.999548 0.000000 0.030071 0.000000 1.000000 0.000000 -0.030071 0.000000 0.999548
1064002384 1064000944 1063161344
3 1.216480
1063974032
Bone 6
1063976952
803702928
0.520001 -0.854166 0.000000 0.000000 0.000000 1.000000 -0.854166 -0.520001 0.000000
0.973763 0.000000 0.227565 0.000000 1.000000 0.000000 -0.227565 0.000000 0.973763
1064002024 1064001304 1063161344
3 1.254306
1063974032
Bone 7
1063976544
1063976952
0.409594 -0.912268 0.000000 0.000000 0.000000 1.000000 -0.912268 -0.409594 0.000000
0.992217 0.000000 0.124518 0.000000 1.000000 0.000000 -0.124518 0.000000 0.992217
1064002744 1063999504 1063161344
3 1.371181
1063974032
Bone 8
1063978448
1063976544
0.161252 -0.986913 0.000000 0.000000 0.000000 1.000000 -0.986913 -0.161252 0.000000
0.966377 0.000000 0.257129 0.000000 1.000000 0.000000 -0.257129 0.000000 0.966377
1064001664 1064003104 1063161344
3 1.324049
1063974032
Bone 9
1063977360
1063978448
0.034276 0.999412 0.000000 -0.000000 0.000000 -1.000000 -0.999412 0.034276 0.000000
-0.980806 0.000000 -0.194985 -0.000000 -1.000000 0.000000 -0.194985 0.000000 0.980806
1063999864 1064000224 1063161344
3 1.366487
1063974032
Bone 10
1063980080
1063977360
0.277466 0.960735 0.000000 -0.000000 0.000000 -1.000000 -0.960735 0.277466 0.000000
0.969681 0.000000 -0.244373 0.000000 1.000000 0.000000 0.244373 0.000000 0.969681
1064000584 1064004328 1063161344
3 1.355401
1063974032
Bone 11
1063978312
1063980080
0.508548 0.861034 0.000000 -0.000000 0.000000 -1.000000 -0.861034 0.508548 0.000000
0.968330 0.000000 -0.249672 0.000000 1.000000 0.000000 0.249672 0.000000 0.968330
1064009728 1064007928 1063161344
3 1.300705
1063974032
Bone 12
1063976680
1063978312
0.687823 0.725878 0.000000 -0.000000 0.000000 -1.000000 -0.725878 0.687823 0.000000
0.974797 0.000000 -0.223095 0.000000 1.000000 0.000000 0.223095 0.000000 0.974797
1064008648 1064005048 1063161344
3 1.114237
1063974032
Bone 13
1063977224
1063976680
0.757238 0.653139 0.000000 -0.000000 0.000000 -1.000000 -0.653139 0.757238 0.000000
0.994945 0.000000 -0.100419 0.000000 1.000000 0.000000 0.100419 0.000000 0.994945
1064006848 1064004688 1063161344
2 1.171599
1063974032

