Transformers
30
Object 6
1063177872
0 0 0 0 1 0
785135552 1063179736 0 0
1.000000 1.000000 1.000000
1.000000 1.000000 1.000000
0.000000 0.000000 0.000000
0.000000 0.000000 0.000000
1.000000 0.000000 0.000000 0.000000 1.000000 0.000000 0.000000 0.000000 1.000000
1.000000 0.000000 0.000000 0.000000 1.000000 0.000000 0.000000 0.000000 1.000000
1.000000 0.000000 0.000000 0.000000 1.000000 0.000000 0.000000 0.000000 1.000000
1.000000 0.000000 0.000000 0.000000 1.000000 0.000000 0.000000 0.000000 1.000000
0.000000 0.000000 0.000000
0.000000 0.000000 0.000000
0.000000 0.000000 0.000000
0.000000 0.000000 0.000000
Locator 7
1063178224
0 1 0 1 1 0
785135552 0 1063161344 0
1.000000 1.000000 1.000000
1.000000 1.000000 1.000000
0.000000 0.000000 0.000000
0.000000 0.000000 0.000000
1.000000 0.000000 0.000000 0.000000 1.000000 0.000000 0.000000 0.000000 1.000000
1.000000 0.000000 0.000000 0.000000 1.000000 0.000000 0.000000 0.000000 1.000000
1.000000 0.000000 0.000000 0.000000 1.000000 0.000000 0.000000 0.000000 1.000000
1.000000 0.000000 0.000000 0.000000 1.000000 0.000000 0.000000 0.000000 1.000000
1.393016 0.817158 0.000000
0.000000 0.000000 0.000000
1.393016 0.817158 0.000000
0.000000 0.000000 0.000000
1063178576
Locator 8
1063178576
0 1 0 1 1 1
1063178224 0 1063161344 803702248
1.000000 1.000000 1.000000
1.000000 1.000000 1.000000
0.000000 0.000000 0.000000
0.000000 0.000000 0.000000
0.518346 0.855171 0.000000 -0.000000 0.000000 -1.000000 -0.855171 0.518346 0.000000
0.518346 0.855171 0.000000 -0.000000 0.000000 -1.000000 -0.855171 0.518346 0.000000
1.000000 0.000000 0.000000 0.000000 1.000000 0.000000 0.000000 0.000000 1.000000
0.518346 -0.000000 -0.855171 0.855171 0.000000 0.518346 0.000000 -1.000000 0.000000
0.987484 1.386310 0.000000
1.393016 0.817158 0.000000
0.987484 1.386310 0.000000
0.000000 0.000000 0.000000
1063178928
1063104136
Locator 9
1063178928
1 1 0 1 1 0
1063178576 0 1063161344 803702248
1.000000 1.000000 1.000000
1.000000 1.000000 1.000000
0.000000 0.000000 0.000000
0.000000 0.000000 0.000000
0.518346 0.855171 0.000000 -0.000000 0.000000 -1.000000 -0.855171 0.518346 0.000000
0.518346 0.855171 0.000000 -0.000000 0.000000 -1.000000 -0.855171 0.518346 0.000000
0.518347 0.000000 -0.855172 0.855172 0.000000 0.518347 0.000000 -1.000000 0.000000
0.518346 -0.000000 -0.855171 0.855171 0.000000 0.518346 0.000000 -1.000000 0.000000
0.246822 1.835249 0.000000
1.393016 0.817158 1.533059
0.246822 1.835249 0.000000
0.000000 0.000000 0.000000
1063179280
Locator 10
1063179280
0 1 0 1 1 1
1063178928 0 1063161344 803702384
1.000000 1.000000 1.000000
1.000000 1.000000 1.000000
0.000000 0.000000 0.000000
0.000000 0.000000 0.000000
0.341419 0.939911 0.000000 -0.000000 0.000000 -1.000000 -0.939911 0.341419 0.000000
0.341419 0.939911 0.000000 -0.000000 0.000000 -1.000000 -0.939911 0.341419 0.000000
0.518347 0.000000 -0.855172 0.855172 0.000000 0.518347 0.000000 -1.000000 0.000000
0.341419 -0.000000 -0.939911 0.939911 0.000000 0.341419 0.000000 -1.000000 0.000000
0.246822 1.835249 0.000000
1.393016 0.817158 1.533059
0.246822 1.835249 0.000000
0.000000 0.000000 0.000000
1063984696
858974728
Locator 11
1063984696
1 1 0 1 1 0
1063179280 0 1063161344 803702384
1.000000 1.000000 1.000000
1.000000 1.000000 1.000000
0.000000 0.000000 0.000000
0.000000 0.000000 0.000000
0.341419 0.939911 0.000000 -0.000000 0.000000 -1.000000 -0.939911 0.341419 0.000000
0.341419 0.939911 0.000000 -0.000000 0.000000 -1.000000 -0.939911 0.341419 0.000000
0.341419 0.000000 -0.939911 0.939911 0.000000 0.341419 0.000000 -1.000000 0.000000
0.341419 -0.000000 -0.939911 0.939911 0.000000 0.341419 0.000000 -1.000000 0.000000
-0.954764 2.271721 0.000000
1.864650 0.817158 2.721283
-0.954764 2.271721 0.000000
0.000000 0.000000 0.000000
1063985048
Locator 12
1063985048
0 1 0 1 1 1
1063984696 0 1063161344 803702520
1.000000 1.000000 1.000000
1.000000 1.000000 1.000000
0.000000 0.000000 0.000000
0.000000 0.000000 0.000000
0.072998 -0.997332 0.000000 0.000000 0.000000 1.000000 -0.997332 -0.072998 0.000000
0.072998 -0.997332 0.000000 0.000000 0.000000 1.000000 -0.997332 -0.072998 0.000000
0.341419 0.000000 -0.939911 0.939911 0.000000 0.341419 0.000000 -1.000000 0.000000
0.072998 0.000000 -0.997332 -0.997332 0.000000 -0.072998 0.000000 1.000000 0.000000
-0.954764 2.271721 0.000000
1.864650 0.817158 2.721283
-0.954764 2.271721 0.000000
0.000000 0.000000 0.000000
1063985400
1063158312
Locator 13
1063985400
1 1 0 1 1 0
1063985048 0 1063161344 803702520
1.000000 1.000000 1.000000
1.000000 1.000000 1.000000
0.000000 0.000000 0.000000
0.000000 0.000000 0.000000
0.072998 -0.997332 0.000000 0.000000 0.000000 1.000000 -0.997332 -0.072998 0.000000
0.072998 -0.997332 0.000000 0.000000 0.000000 1.000000 -0.997332 -0.072998 0.000000
0.072998 0.000000 -0.997332 -0.997332 0.000000 -0.072998 0.000000 1.000000 0.000000
0.072998 0.000000 -0.997332 -0.997332 0.000000 -0.072998 0.000000 1.000000 0.000000
-2.050600 2.191513 0.000000
2.652352 0.817158 3.487322
-2.050600 2.191513 0.000000
0.000000 0.000000 0.000000
1063985752
Locator 14
1063985752
0 1 0 1 1 1
1063985400 0 1063161344 803702792
1.000000 1.000000 1.000000
1.000000 1.000000 1.000000
0.000000 0.000000 0.000000
0.000000 0.000000 0.000000
0.516958 -0.856011 0.000000 0.000000 0.000000 1.000000 -0.856011 -0.516958 0.000000
0.516958 -0.856011 0.000000 0.000000 0.000000 1.000000 -0.856011 -0.516958 0.000000
0.072998 0.000000 -0.997332 -0.997332 0.000000 -0.072998 0.000000 1.000000 0.000000
0.516958 0.000000 -0.856011 -0.856011 0.000000 -0.516958 0.000000 1.000000 0.000000
-2.050600 2.191513 0.000000
2.652352 0.817158 3.487322
-2.050600 2.191513 0.000000
0.000000 0.000000 0.000000
1063986104
1063104200
Locator 15
1063986104
1 1 0 1 1 0
1063985752 0 1063161344 803702792
1.000000 1.000000 1.000000
1.000000 1.000000 1.000000
0.000000 0.000000 0.000000
0.000000 0.000000 0.000000
0.516958 -0.856011 0.000000 0.000000 0.000000 1.000000 -0.856011 -0.516958 0.000000
0.516958 -0.856011 0.000000 0.000000 0.000000 1.000000 -0.856011 -0.516958 0.000000
0.516958 0.000000 -0.856011 -0.856011 0.000000 -0.516958 0.000000 1.000000 0.000000
0.516958 0.000000 -0.856011 -0.856011 0.000000 -0.516958 0.000000 1.000000 0.000000
-2.857634 1.704133 0.000000
3.552687 0.817158 3.767037
-2.857634 1.704133 0.000000
0.000000 0.000000 0.000000
1063994656
Locator 16
1063994656
0 1 0 1 1 1
1063986104 0 1063161344 803703608
1.000000 1.000000 1.000000
1.000000 1.000000 1.000000
0.000000 0.000000 0.000000
0.000000 0.000000 0.000000
0.721872 -0.692027 0.000000 0.000000 0.000000 1.000000 -0.692027 -0.721872 0.000000
0.721872 -0.692027 0.000000 0.000000 0.000000 1.000000 -0.692027 -0.721872 0.000000
0.516958 0.000000 -0.856011 -0.856011 0.000000 -0.516958 0.000000 1.000000 0.000000
0.721872 0.000000 -0.692027 -0.692027 0.000000 -0.721872 0.000000 1.000000 0.000000
-2.857634 1.704133 0.000000
3.552687 0.817158 3.767037
-2.857634 1.704133 0.000000
0.000000 0.000000 0.000000
1063999112
1063954736
Locator 17
1063999112
1 1 0 1 1 0
1063994656 0 1063161344 803703608
1.000000 1.000000 1.000000
1.000000 1.000000 1.000000
0.000000 0.000000 0.000000
0.000000 0.000000 0.000000
0.721872 -0.692027 0.000000 0.000000 0.000000 1.000000 -0.692027 -0.721872 0.000000
0.721872 -0.692027 0.000000 0.000000 0.000000 1.000000 -0.692027 -0.721872 0.000000
0.721872 0.000000 -0.692027 -0.692027 0.000000 -0.721872 0.000000 1.000000 0.000000
0.721872 0.000000 -0.692027 -0.692027 0.000000 -0.721872 0.000000 1.000000 0.000000
-3.761108 0.761695 0.000000
4.857291 0.817158 3.816655
-3.761108 0.761695 0.000000
0.000000 0.000000 0.000000
1064002384
Locator 18
1064002384
0 1 0 1 1 1
1063999112 0 1063161344 803702928
1.000000 1.000000 1.000000
1.000000 1.000000 1.000000
0.000000 0.000000 0.000000
0.000000 0.000000 0.000000
0.700736 -0.713421 0.000000 0.000000 0.000000 1.000000 -0.713421 -0.700736 0.000000
0.700736 -0.713421 0.000000 0.000000 0.000000 1.000000 -0.713421 -0.700736 0.000000
0.721872 0.000000 -0.692027 -0.692027 0.000000 -0.721872 0.000000 1.000000 0.000000
0.700736 0.000000 -0.713421 -0.713421 0.000000 -0.700736 0.000000 1.000000 0.000000
-3.761108 0.761695 0.000000
4.857291 0.817158 3.816655
-3.761108 0.761695 0.000000
0.000000 0.000000 0.000000
1064000944
1063955216
Locator 19
1064000944
1 1 0 1 1 0
1064002384 0 1063161344 803702928
1.000000 1.000000 1.000000
1.000000 1.000000 1.000000
0.000000 0.000000 0.000000
0.000000 0.000000 0.000000
0.700736 -0.713421 0.000000 0.000000 0.000000 1.000000 -0.713421 -0.700736 0.000000
0.700736 -0.713421 0.000000 0.000000 0.000000 1.000000 -0.713421 -0.700736 0.000000
0.700734 0.000000 -0.713419 -0.713423 0.000000 -0.700738 0.000000 1.000000 0.000000
0.700736 0.000000 -0.713421 -0.713421 0.000000 -0.700736 0.000000 1.000000 0.000000
-4.628970 -0.090736 0.000000
6.070952 0.817158 3.899422
-4.628970 -0.090736 0.000000
0.000000 0.000000 0.000000
1064002024
Locator 20
1064002024
0 1 0 1 1 1
1064000944 0 1063161344 1063976952
1.000000 1.000000 1.000000
1.000000 1.000000 1.000000
0.000000 0.000000 0.000000
0.000000 0.000000 0.000000
0.520001 -0.854166 0.000000 0.000000 0.000000 1.000000 -0.854166 -0.520001 0.000000
0.520001 -0.854166 0.000000 0.000000 0.000000 1.000000 -0.854166 -0.520001 0.000000
0.700734 0.000000 -0.713419 -0.713423 0.000000 -0.700738 0.000000 1.000000 0.000000
0.520001 0.000000 -0.854166 -0.854166 0.000000 -0.520001 0.000000 1.000000 0.000000
-4.628970 -0.090736 0.000000
6.070952 0.817158 3.899422
-4.628970 -0.090736 0.000000
0.000000 0.000000 0.000000
1064001304
1063955728
Locator 21
1064001304
1 1 0 1 1 0
1064002024 0 1063161344 1063976952
1.000000 1.000000 1.000000
1.000000 1.000000 1.000000
0.000000 0.000000 0.000000
0.000000 0.000000 0.000000
0.520001 -0.854166 0.000000 0.000000 0.000000 1.000000 -0.854166 -0.520001 0.000000
0.520001 -0.854166 0.000000 0.000000 0.000000 1.000000 -0.854166 -0.520001 0.000000
0.520001 0.000000 -0.854166 -0.854166 0.000000 -0.520001 0.000000 1.000000 0.000000
0.520001 0.000000 -0.854166 -0.854166 0.000000 -0.520001 0.000000 1.000000 0.000000
-5.700355 -0.742976 0.000000
7.270098 0.817158 4.267297
-5.700355 -0.742976 0.000000
0.000000 0.000000 0.000000
1064002744
Locator 22
1064002744
0 1 0 1 1 1
1064001304 0 1063161344 1063976544
1.000000 1.000000 1.000000
1.000000 1.000000 1.000000
0.000000 0.000000 0.000000
0.000000 0.000000 0.000000
0.409594 -0.912268 0.000000 0.000000 0.000000 1.000000 -0.912268 -0.409594 0.000000
0.409594 -0.912268 0.000000 0.000000 0.000000 1.000000 -0.912268 -0.409594 0.000000
0.520001 0.000000 -0.854166 -0.854166 0.000000 -0.520001 0.000000 1.000000 0.000000
0.409594 0.000000 -0.912268 -0.912268 0.000000 -0.409594 0.000000 1.000000 0.000000
-5.700355 -0.742976 0.000000
7.270098 0.817158 4.267297
-5.700355 -0.742976 0.000000
0.000000 0.000000 0.000000
1063999504
1063959896
Locator 23
1063999504
1 1 0 1 1 0
1064002744 0 1063161344 1063976544
1.000000 1.000000 1.000000
1.000000 1.000000 1.000000
0.000000 0.000000 0.000000
0.000000 0.000000 0.000000
0.409594 -0.912268 0.000000 0.000000 0.000000 1.000000 -0.912268 -0.409594 0.000000
0.409594 -0.912268 0.000000 0.000000 0.000000 1.000000 -0.912268 -0.409594 0.000000
0.409594 0.000000 -0.912268 -0.912268 0.000000 -0.409594 0.000000 1.000000 0.000000
0.409594 0.000000 -0.912268 -0.912268 0.000000 -0.409594 0.000000 1.000000 0.000000
-6.951239 -1.304604 0.000000
8.520701 0.817158 4.829550
-6.951239 -1.304604 0.000000
0.000000 0.000000 0.000000
1064001664
Locator 24
1064001664
0 1 0 1 1 1
1063999504 0 1063161344 1063978448
1.000000 1.000000 1.000000
1.000000 1.000000 1.000000
0.000000 0.000000 0.000000
0.000000 0.000000 0.000000
0.161252 -0.986913 0.000000 0.000000 0.000000 1.000000 -0.986913 -0.161252 0.000000
0.161252 -0.986913 0.000000 0.000000 0.000000 1.000000 -0.986913 -0.161252 0.000000
0.409594 0.000000 -0.912268 -0.912268 0.000000 -0.409594 0.000000 1.000000 0.000000
0.161252 0.000000 -0.986913 -0.986913 0.000000 -0.161252 0.000000 1.000000 0.000000
-6.951239 -1.304604 0.000000
8.520701 0.817158 4.829550
-6.951239 -1.304604 0.000000
0.000000 0.000000 0.000000
1064003104
1063959960
Locator 25
1064003104
1 1 0 1 1 0
1064001664 0 1063161344 1063978448
1.000000 1.000000 1.000000
1.000000 1.000000 1.000000
0.000000 0.000000 0.000000
0.000000 0.000000 0.000000
0.161252 -0.986913 0.000000 0.000000 0.000000 1.000000 -0.986913 -0.161252 0.000000
0.161252 -0.986913 0.000000 0.000000 0.000000 1.000000 -0.986913 -0.161252 0.000000
0.161252 0.000000 -0.986913 -0.986913 0.000000 -0.161252 0.000000 1.000000 0.000000
0.161252 0.000000 -0.986913 -0.986913 0.000000 -0.161252 0.000000 1.000000 0.000000
-8.257960 -1.518110 0.000000
9.548113 0.817158 5.664734
-8.257960 -1.518110 0.000000
0.000000 0.000000 0.000000
1063999864
Locator 26
1063999864
0 1 0 1 1 1
1064003104 0 1063161344 1063977360
1.000000 1.000000 1.000000
1.000000 1.000000 1.000000
0.000000 0.000000 0.000000
0.000000 0.000000 0.000000
0.034276 0.999412 0.000000 -0.000000 0.000000 -1.000000 -0.999412 0.034276 0.000000
0.034276 0.999412 0.000000 -0.000000 0.000000 -1.000000 -0.999412 0.034276 0.000000
0.161252 0.000000 -0.986913 -0.986913 0.000000 -0.161252 0.000000 1.000000 0.000000
0.034276 -0.000000 -0.999412 0.999412 0.000000 0.034276 0.000000 -1.000000 0.000000
-8.257960 -1.518110 0.000000
9.548113 0.817158 5.664734
-8.257960 -1.518110 0.000000
0.000000 0.000000 0.000000
1064000224
1063960024
Locator 27
1064000224
1 1 0 1 1 0
1063999864 0 1063161344 1063977360
1.000000 1.000000 1.000000
1.000000 1.000000 1.000000
0.000000 0.000000 0.000000
0.000000 0.000000 0.000000
0.034276 0.999412 0.000000 -0.000000 0.000000 -1.000000 -0.999412 0.034276 0.000000
0.034276 0.999412 0.000000 -0.000000 0.000000 -1.000000 -0.999412 0.034276 0.000000
0.034275 -0.000000 -0.999412 0.999412 0.000000 0.034277 0.000000 -1.000000 0.000000
0.034276 -0.000000 -0.999412 0.999412 0.000000 0.034276 0.000000 -1.000000 0.000000
-9.623644 -1.471272 0.000000
10.420032 0.817158 6.716895
-9.623644 -1.471272 0.000000
0.000000 0.000000 0.000000
1064000584
Locator 28
1064000584
0 1 0 1 1 1
1064000224 0 1063161344 1063980080
1.000000 1.000000 1.000000
1.000000 1.000000 1.000000
0.000000 0.000000 0.000000
0.000000 0.000000 0.000000
0.277466 0.960735 0.000000 -0.000000 0.000000 -1.000000 -0.960735 0.277466 0.000000
0.277466 0.960735 0.000000 -0.000000 0.000000 -1.000000 -0.960735 0.277466 0.000000
0.034275 -0.000000 -0.999412 0.999412 0.000000 0.034277 0.000000 -1.000000 0.000000
0.277466 -0.000000 -0.960735 0.960735 0.000000 0.277466 0.000000 -1.000000 0.000000
-9.623644 -1.471272 0.000000
10.420032 0.817158 6.716895
-9.623644 -1.471272 0.000000
0.000000 0.000000 0.000000
1064004328
1063968328
Locator 29
1064004328
1 1 0 1 1 0
1064000584 0 1063161344 1063980080
1.000000 1.000000 1.000000
1.000000 1.000000 1.000000
0.000000 0.000000 0.000000
0.000000 0.000000 0.000000
0.277466 0.960735 0.000000 -0.000000 0.000000 -1.000000 -0.960735 0.277466 0.000000
0.277466 0.960735 0.000000 -0.000000 0.000000 -1.000000 -0.960735 0.277466 0.000000
0.277465 -0.000000 -0.960734 0.960736 0.000000 0.277467 0.000000 -1.000000 0.000000
0.277466 -0.000000 -0.960735 0.960735 0.000000 0.277466 0.000000 -1.000000 0.000000
-10.925825 -1.095194 0.000000
11.003625 0.817158 7.940222
-10.925825 -1.095194 0.000000
0.000000 0.000000 0.000000
1064009728
Locator 30
1064009728
0 1 0 1 1 1
1064004328 0 1063161344 1063978312
1.000000 1.000000 1.000000
1.000000 1.000000 1.000000
0.000000 0.000000 0.000000
0.000000 0.000000 0.000000
0.508548 0.861034 0.000000 -0.000000 0.000000 -1.000000 -0.861034 0.508548 0.000000
0.508548 0.861034 0.000000 -0.000000 0.000000 -1.000000 -0.861034 0.508548 0.000000
0.277465 -0.000000 -0.960734 0.960736 0.000000 0.277467 0.000000 -1.000000 0.000000
0.508548 -0.000000 -0.861034 0.861034 0.000000 0.508548 0.000000 -1.000000 0.000000
-10.925825 -1.095194 0.000000
11.003625 0.817158 7.940222
-10.925825 -1.095194 0.000000
0.000000 0.000000 0.000000
1064007928
1063970184
Locator 31
1064007928
1 1 0 1 1 0
1064009728 0 1063161344 1063978312
1.000000 1.000000 1.000000
1.000000 1.000000 1.000000
0.000000 0.000000 0.000000
0.000000 0.000000 0.000000
0.508548 0.861034 0.000000 -0.000000 0.000000 -1.000000 -0.861034 0.508548 0.000000
0.508548 0.861034 0.000000 -0.000000 0.000000 -1.000000 -0.861034 0.508548 0.000000
0.508548 0.000000 -0.861033 0.861033 0.000000 0.508548 0.000000 -1.000000 0.000000
0.508548 -0.000000 -0.861034 0.861034 0.000000 0.508548 0.000000 -1.000000 0.000000
-12.045775 -0.433723 0.000000
11.252824 0.817158 9.216832
-12.045775 -0.433723 0.000000
0.000000 0.000000 0.000000
1064008648
Locator 32
1064008648
0 1 0 1 1 1
1064007928 0 1063161344 1063976680
1.000000 1.000000 1.000000
1.000000 1.000000 1.000000
0.000000 0.000000 0.000000
0.000000 0.000000 0.000000
0.687823 0.725878 0.000000 -0.000000 0.000000 -1.000000 -0.725878 0.687823 0.000000
0.687823 0.725878 0.000000 -0.000000 0.000000 -1.000000 -0.725878 0.687823 0.000000
0.508548 0.000000 -0.861033 0.861033 0.000000 0.508548 0.000000 -1.000000 0.000000
0.687823 -0.000000 -0.725878 0.725878 0.000000 0.687823 0.000000 -1.000000 0.000000
-12.045775 -0.433723 0.000000
11.252824 0.817158 9.216832
-12.045775 -0.433723 0.000000
0.000000 0.000000 0.000000
1064005048
1063968648
Locator 33
1064005048
1 1 0 1 1 0
1064008648 0 1063161344 1063976680
1.000000 1.000000 1.000000
1.000000 1.000000 1.000000
0.000000 0.000000 0.000000
0.000000 0.000000 0.000000
0.687823 0.725878 0.000000 -0.000000 0.000000 -1.000000 -0.725878 0.687823 0.000000
0.687823 0.725878 0.000000 -0.000000 0.000000 -1.000000 -0.725878 0.687823 0.000000
0.687823 0.000000 -0.725877 0.725879 0.000000 0.687823 0.000000 -1.000000 0.000000
0.687823 -0.000000 -0.725878 0.725878 0.000000 0.687823 0.000000 -1.000000 0.000000
-12.854576 0.332675 0.000000
11.216943 0.817158 10.330491
-12.854576 0.332675 0.000000
0.000000 0.000000 0.000000
1064006848
Locator 34
1064006848
0 1 0 1 1 1
1064005048 0 1063161344 1063977224
1.000000 1.000000 1.000000
1.000000 1.000000 1.000000
0.000000 0.000000 0.000000
0.000000 0.000000 0.000000
0.757238 0.653139 0.000000 -0.000000 0.000000 -1.000000 -0.653139 0.757238 0.000000
0.757238 0.653139 0.000000 -0.000000 0.000000 -1.000000 -0.653139 0.757238 0.000000
0.687823 0.000000 -0.725877 0.725879 0.000000 0.687823 0.000000 -1.000000 0.000000
0.757238 -0.000000 -0.653139 0.653139 0.000000 0.757238 0.000000 -1.000000 0.000000
-12.854576 0.332675 0.000000
11.216943 0.817158 10.330491
-12.854576 0.332675 0.000000
0.000000 0.000000 0.000000
1064004688
1063969992
Locator 35
1064004688
1 0 0 1 1 0
1064006848 0 1063161344 1063977224
1.000000 1.000000 1.000000
1.000000 1.000000 1.000000
0.000000 0.000000 0.000000
0.000000 0.000000 0.000000
0.757238 0.653139 0.000000 -0.000000 0.000000 -1.000000 -0.653139 0.757238 0.000000
0.757238 0.653139 0.000000 -0.000000 0.000000 -1.000000 -0.653139 0.757238 0.000000
0.757242 -0.000000 -0.653142 0.653136 0.000000 0.757235 0.000000 -1.000000 0.000000
0.757238 -0.000000 -0.653139 0.653139 0.000000 0.757238 0.000000 -1.000000 0.000000
-13.619793 1.219855 0.000000
11.061815 0.817158 11.491776
-13.619793 1.219855 0.000000
0.000000 0.000000 0.000000

